fold,sub,roi,roc_auc,mattews_correcoef,f1_score,log_loss,model,condition_target,condition_source,flip,language,transfer,tn,tp,fn,fp
1,01,rh-superiorfrontal,0.5,0.0,0.0,0.6931471805599453,None + Dummy,unconscious,unconscious,False,Image,False,48,0,48,0
2,01,rh-superiorfrontal,0.5,0.0,0.0,0.6931471805599453,None + Dummy,unconscious,unconscious,False,Image,False,48,0,48,0
3,01,rh-superiorfrontal,0.5,0.0,0.0,0.6931471805599453,None + Dummy,unconscious,unconscious,False,Image,False,48,0,48,0
4,01,rh-superiorfrontal,0.5,0.0,0.0,0.6931471805599453,None + Dummy,unconscious,unconscious,False,Image,False,48,0,48,0
5,01,rh-superiorfrontal,0.5,0.0,0.0,0.6931471805599453,None + Dummy,unconscious,unconscious,False,Image,False,48,0,48,0
6,01,rh-superiorfrontal,0.5,0.0,0.0,0.6931471805599453,None + Dummy,unconscious,unconscious,False,Image,False,48,0,48,0
7,01,rh-superiorfrontal,0.5,0.0,0.0,0.6931471805599453,None + Dummy,unconscious,unconscious,False,Image,False,48,0,48,0
8,01,rh-superiorfrontal,0.5,0.0,0.0,0.6931471805599453,None + Dummy,unconscious,unconscious,False,Image,False,48,0,48,0
9,01,rh-superiorfrontal,0.5,0.0,0.0,0.6931471805599453,None + Dummy,unconscious,unconscious,False,Image,False,48,0,48,0
10,01,rh-superiorfrontal,0.5,0.0,0.0,0.6931471805599453,None + Dummy,unconscious,unconscious,False,Image,False,48,0,48,0
11,01,rh-superiorfrontal,0.5,0.0,0.0,0.6931471805599453,None + Dummy,unconscious,unconscious,False,Image,False,48,0,48,0
12,01,rh-superiorfrontal,0.5,0.0,0.0,0.6931471805599453,None + Dummy,unconscious,unconscious,False,Image,False,48,0,48,0
13,01,rh-superiorfrontal,0.5,0.0,0.0,0.6931471805599453,None + Dummy,unconscious,unconscious,False,Image,False,48,0,48,0
14,01,rh-superiorfrontal,0.5,0.0,0.0,0.6931471805599453,None + Dummy,unconscious,unconscious,False,Image,False,48,0,48,0
15,01,rh-superiorfrontal,0.5,0.0,0.0,0.6931471805599453,None + Dummy,unconscious,unconscious,False,Image,False,48,0,48,0
16,01,rh-superiorfrontal,0.5,0.0,0.0,0.6931471805599453,None + Dummy,unconscious,unconscious,False,Image,False,48,0,48,0
17,01,rh-superiorfrontal,0.5,0.0,0.0,0.6931471805599453,None + Dummy,unconscious,unconscious,False,Image,False,48,0,48,0
18,01,rh-superiorfrontal,0.5,0.0,0.0,0.6931471805599453,None + Dummy,unconscious,unconscious,False,Image,False,48,0,48,0
19,01,rh-superiorfrontal,0.5,0.0,0.0,0.6931471805599453,None + Dummy,unconscious,unconscious,False,Image,False,48,0,48,0
20,01,rh-superiorfrontal,0.5,0.0,0.0,0.6931471805599453,None + Dummy,unconscious,unconscious,False,Image,False,48,0,48,0
21,01,rh-superiorfrontal,0.5,0.0,0.0,0.6931471805599453,None + Dummy,unconscious,unconscious,False,Image,False,48,0,48,0
22,01,rh-superiorfrontal,0.5,0.0,0.0,0.6931471805599453,None + Dummy,unconscious,unconscious,False,Image,False,48,0,48,0
23,01,rh-superiorfrontal,0.5,0.0,0.0,0.6931471805599453,None + Dummy,unconscious,unconscious,False,Image,False,48,0,48,0
24,01,rh-superiorfrontal,0.5,0.0,0.0,0.6931471805599453,None + Dummy,unconscious,unconscious,False,Image,False,48,0,48,0
25,01,rh-superiorfrontal,0.5,0.0,0.0,0.6931471805599453,None + Dummy,unconscious,unconscious,False,Image,False,48,0,48,0
26,01,rh-superiorfrontal,0.5,0.0,0.0,0.6931471805599453,None + Dummy,unconscious,unconscious,False,Image,False,48,0,48,0
27,01,rh-superiorfrontal,0.5,0.0,0.0,0.6931471805599453,None + Dummy,unconscious,unconscious,False,Image,False,48,0,48,0
28,01,rh-superiorfrontal,0.5,0.0,0.0,0.6931471805599453,None + Dummy,unconscious,unconscious,False,Image,False,48,0,48,0
29,01,rh-superiorfrontal,0.5,0.0,0.0,0.6931471805599453,None + Dummy,unconscious,unconscious,False,Image,False,48,0,48,0
30,01,rh-superiorfrontal,0.5,0.0,0.0,0.6931471805599453,None + Dummy,unconscious,unconscious,False,Image,False,48,0,48,0
31,01,rh-superiorfrontal,0.5,0.0,0.0,0.6931471805599453,None + Dummy,unconscious,unconscious,False,Image,False,48,0,48,0
32,01,rh-superiorfrontal,0.5,0.0,0.0,0.6931471805599453,None + Dummy,unconscious,unconscious,False,Image,False,48,0,48,0
33,01,rh-superiorfrontal,0.5,0.0,0.0,0.6931471805599453,None + Dummy,unconscious,unconscious,False,Image,False,48,0,48,0
34,01,rh-superiorfrontal,0.5,0.0,0.0,0.6931471805599453,None + Dummy,unconscious,unconscious,False,Image,False,48,0,48,0
35,01,rh-superiorfrontal,0.5,0.0,0.0,0.6931471805599453,None + Dummy,unconscious,unconscious,False,Image,False,48,0,48,0
36,01,rh-superiorfrontal,0.5,0.0,0.0,0.6931471805599453,None + Dummy,unconscious,unconscious,False,Image,False,48,0,48,0
37,01,rh-superiorfrontal,0.5,0.0,0.0,0.6931471805599453,None + Dummy,unconscious,unconscious,False,Image,False,48,0,48,0
38,01,rh-superiorfrontal,0.5,0.0,0.0,0.6931471805599453,None + Dummy,unconscious,unconscious,False,Image,False,48,0,48,0
39,01,rh-superiorfrontal,0.5,0.0,0.0,0.6931471805599453,None + Dummy,unconscious,unconscious,False,Image,False,48,0,48,0
40,01,rh-superiorfrontal,0.5,0.0,0.0,0.6931471805599453,None + Dummy,unconscious,unconscious,False,Image,False,48,0,48,0
41,01,rh-superiorfrontal,0.5,0.0,0.0,0.6931471805599453,None + Dummy,unconscious,unconscious,False,Image,False,48,0,48,0
42,01,rh-superiorfrontal,0.5,0.0,0.0,0.6931471805599453,None + Dummy,unconscious,unconscious,False,Image,False,48,0,48,0
43,01,rh-superiorfrontal,0.5,0.0,0.0,0.6931471805599453,None + Dummy,unconscious,unconscious,False,Image,False,48,0,48,0
44,01,rh-superiorfrontal,0.5,0.0,0.0,0.6931471805599453,None + Dummy,unconscious,unconscious,False,Image,False,48,0,48,0
45,01,rh-superiorfrontal,0.5,0.0,0.0,0.6931471805599453,None + Dummy,unconscious,unconscious,False,Image,False,48,0,48,0
46,01,rh-superiorfrontal,0.5,0.0,0.0,0.6931471805599453,None + Dummy,unconscious,unconscious,False,Image,False,48,0,48,0
47,01,rh-superiorfrontal,0.5,0.0,0.0,0.6931471805599453,None + Dummy,unconscious,unconscious,False,Image,False,48,0,48,0
48,01,rh-superiorfrontal,0.5,0.0,0.0,0.6931471805599453,None + Dummy,unconscious,unconscious,False,Image,False,48,0,48,0
49,01,rh-superiorfrontal,0.5,0.0,0.0,0.6931471805599453,None + Dummy,unconscious,unconscious,False,Image,False,48,0,48,0
50,01,rh-superiorfrontal,0.5,0.0,0.0,0.6931471805599453,None + Dummy,unconscious,unconscious,False,Image,False,48,0,48,0
51,01,rh-superiorfrontal,0.5,0.0,0.0,0.6931471805599453,None + Dummy,unconscious,unconscious,False,Image,False,48,0,48,0
52,01,rh-superiorfrontal,0.5,0.0,0.0,0.6931471805599453,None + Dummy,unconscious,unconscious,False,Image,False,48,0,48,0
53,01,rh-superiorfrontal,0.5,0.0,0.0,0.6931471805599453,None + Dummy,unconscious,unconscious,False,Image,False,48,0,48,0
54,01,rh-superiorfrontal,0.5,0.0,0.0,0.6931471805599453,None + Dummy,unconscious,unconscious,False,Image,False,48,0,48,0
55,01,rh-superiorfrontal,0.5,0.0,0.0,0.6931471805599453,None + Dummy,unconscious,unconscious,False,Image,False,48,0,48,0
56,01,rh-superiorfrontal,0.5,0.0,0.0,0.6931471805599453,None + Dummy,unconscious,unconscious,False,Image,False,48,0,48,0
57,01,rh-superiorfrontal,0.5,0.0,0.0,0.6931471805599453,None + Dummy,unconscious,unconscious,False,Image,False,48,0,48,0
58,01,rh-superiorfrontal,0.5,0.0,0.0,0.6931471805599453,None + Dummy,unconscious,unconscious,False,Image,False,48,0,48,0
59,01,rh-superiorfrontal,0.5,0.0,0.0,0.6931471805599453,None + Dummy,unconscious,unconscious,False,Image,False,48,0,48,0
60,01,rh-superiorfrontal,0.5,0.0,0.0,0.6931471805599453,None + Dummy,unconscious,unconscious,False,Image,False,48,0,48,0
61,01,rh-superiorfrontal,0.5,0.0,0.0,0.6931471805599453,None + Dummy,unconscious,unconscious,False,Image,False,48,0,48,0
62,01,rh-superiorfrontal,0.5,0.0,0.0,0.6931471805599453,None + Dummy,unconscious,unconscious,False,Image,False,48,0,48,0
63,01,rh-superiorfrontal,0.5,0.0,0.0,0.6931471805599453,None + Dummy,unconscious,unconscious,False,Image,False,48,0,48,0
64,01,rh-superiorfrontal,0.5,0.0,0.0,0.6931471805599453,None + Dummy,unconscious,unconscious,False,Image,False,48,0,48,0
65,01,rh-superiorfrontal,0.5,0.0,0.0,0.6931471805599453,None + Dummy,unconscious,unconscious,False,Image,False,48,0,48,0
66,01,rh-superiorfrontal,0.5,0.0,0.0,0.6931471805599453,None + Dummy,unconscious,unconscious,False,Image,False,48,0,48,0
67,01,rh-superiorfrontal,0.5,0.0,0.0,0.6931471805599453,None + Dummy,unconscious,unconscious,False,Image,False,48,0,48,0
68,01,rh-superiorfrontal,0.5,0.0,0.0,0.6931471805599453,None + Dummy,unconscious,unconscious,False,Image,False,48,0,48,0
69,01,rh-superiorfrontal,0.5,0.0,0.0,0.6931471805599453,None + Dummy,unconscious,unconscious,False,Image,False,48,0,48,0
70,01,rh-superiorfrontal,0.5,0.0,0.0,0.6931471805599453,None + Dummy,unconscious,unconscious,False,Image,False,48,0,48,0
71,01,rh-superiorfrontal,0.5,0.0,0.0,0.6931471805599453,None + Dummy,unconscious,unconscious,False,Image,False,48,0,48,0
72,01,rh-superiorfrontal,0.5,0.0,0.0,0.6931471805599453,None + Dummy,unconscious,unconscious,False,Image,False,48,0,48,0
73,01,rh-superiorfrontal,0.5,0.0,0.0,0.6931471805599453,None + Dummy,unconscious,unconscious,False,Image,False,48,0,48,0
74,01,rh-superiorfrontal,0.5,0.0,0.0,0.6931471805599453,None + Dummy,unconscious,unconscious,False,Image,False,48,0,48,0
75,01,rh-superiorfrontal,0.5,0.0,0.0,0.6931471805599453,None + Dummy,unconscious,unconscious,False,Image,False,48,0,48,0
76,01,rh-superiorfrontal,0.5,0.0,0.0,0.6931471805599453,None + Dummy,unconscious,unconscious,False,Image,False,48,0,48,0
77,01,rh-superiorfrontal,0.5,0.0,0.0,0.6931471805599453,None + Dummy,unconscious,unconscious,False,Image,False,48,0,48,0
78,01,rh-superiorfrontal,0.5,0.0,0.0,0.6931471805599453,None + Dummy,unconscious,unconscious,False,Image,False,48,0,48,0
79,01,rh-superiorfrontal,0.5,0.0,0.0,0.6931471805599453,None + Dummy,unconscious,unconscious,False,Image,False,48,0,48,0
80,01,rh-superiorfrontal,0.5,0.0,0.0,0.6931471805599453,None + Dummy,unconscious,unconscious,False,Image,False,48,0,48,0
81,01,rh-superiorfrontal,0.5,0.0,0.0,0.6931471805599453,None + Dummy,unconscious,unconscious,False,Image,False,48,0,48,0
82,01,rh-superiorfrontal,0.5,0.0,0.0,0.6931471805599453,None + Dummy,unconscious,unconscious,False,Image,False,48,0,48,0
83,01,rh-superiorfrontal,0.5,0.0,0.0,0.6931471805599453,None + Dummy,unconscious,unconscious,False,Image,False,48,0,48,0
84,01,rh-superiorfrontal,0.5,0.0,0.0,0.6931471805599453,None + Dummy,unconscious,unconscious,False,Image,False,48,0,48,0
85,01,rh-superiorfrontal,0.5,0.0,0.0,0.6931471805599453,None + Dummy,unconscious,unconscious,False,Image,False,48,0,48,0
86,01,rh-superiorfrontal,0.5,0.0,0.0,0.6931471805599453,None + Dummy,unconscious,unconscious,False,Image,False,48,0,48,0
87,01,rh-superiorfrontal,0.5,0.0,0.0,0.6931471805599453,None + Dummy,unconscious,unconscious,False,Image,False,48,0,48,0
88,01,rh-superiorfrontal,0.5,0.0,0.0,0.6931471805599453,None + Dummy,unconscious,unconscious,False,Image,False,48,0,48,0
89,01,rh-superiorfrontal,0.5,0.0,0.0,0.6931471805599453,None + Dummy,unconscious,unconscious,False,Image,False,48,0,48,0
90,01,rh-superiorfrontal,0.5,0.0,0.0,0.6931471805599453,None + Dummy,unconscious,unconscious,False,Image,False,48,0,48,0
91,01,rh-superiorfrontal,0.5,0.0,0.0,0.6931471805599453,None + Dummy,unconscious,unconscious,False,Image,False,48,0,48,0
92,01,rh-superiorfrontal,0.5,0.0,0.0,0.6931471805599453,None + Dummy,unconscious,unconscious,False,Image,False,48,0,48,0
93,01,rh-superiorfrontal,0.5,0.0,0.0,0.6931471805599453,None + Dummy,unconscious,unconscious,False,Image,False,48,0,48,0
94,01,rh-superiorfrontal,0.5,0.0,0.0,0.6931471805599453,None + Dummy,unconscious,unconscious,False,Image,False,48,0,48,0
95,01,rh-superiorfrontal,0.5,0.0,0.0,0.6931471805599453,None + Dummy,unconscious,unconscious,False,Image,False,48,0,48,0
96,01,rh-superiorfrontal,0.5,0.0,0.0,0.6931471805599453,None + Dummy,unconscious,unconscious,False,Image,False,48,0,48,0
97,01,rh-superiorfrontal,0.5,0.0,0.0,0.6931471805599453,None + Dummy,unconscious,unconscious,False,Image,False,48,0,48,0
98,01,rh-superiorfrontal,0.5,0.0,0.0,0.6931471805599453,None + Dummy,unconscious,unconscious,False,Image,False,48,0,48,0
99,01,rh-superiorfrontal,0.5,0.0,0.0,0.6931471805599453,None + Dummy,unconscious,unconscious,False,Image,False,48,0,48,0
100,01,rh-superiorfrontal,0.5,0.0,0.0,0.6931471805599453,None + Dummy,unconscious,unconscious,False,Image,False,48,0,48,0
101,01,rh-superiorfrontal,0.5,0.0,0.0,0.6931471805599453,None + Dummy,unconscious,unconscious,False,Image,False,48,0,48,0
102,01,rh-superiorfrontal,0.5,0.0,0.0,0.6931471805599453,None + Dummy,unconscious,unconscious,False,Image,False,48,0,48,0
103,01,rh-superiorfrontal,0.5,0.0,0.0,0.6931471805599453,None + Dummy,unconscious,unconscious,False,Image,False,48,0,48,0
104,01,rh-superiorfrontal,0.5,0.0,0.0,0.6931471805599453,None + Dummy,unconscious,unconscious,False,Image,False,48,0,48,0
105,01,rh-superiorfrontal,0.5,0.0,0.0,0.6931471805599453,None + Dummy,unconscious,unconscious,False,Image,False,48,0,48,0
106,01,rh-superiorfrontal,0.5,0.0,0.0,0.6931471805599453,None + Dummy,unconscious,unconscious,False,Image,False,48,0,48,0
107,01,rh-superiorfrontal,0.5,0.0,0.0,0.6931471805599453,None + Dummy,unconscious,unconscious,False,Image,False,48,0,48,0
108,01,rh-superiorfrontal,0.5,0.0,0.0,0.6931471805599453,None + Dummy,unconscious,unconscious,False,Image,False,48,0,48,0
109,01,rh-superiorfrontal,0.5,0.0,0.0,0.6931471805599453,None + Dummy,unconscious,unconscious,False,Image,False,48,0,48,0
110,01,rh-superiorfrontal,0.5,0.0,0.0,0.6931471805599453,None + Dummy,unconscious,unconscious,False,Image,False,48,0,48,0
111,01,rh-superiorfrontal,0.5,0.0,0.0,0.6931471805599453,None + Dummy,unconscious,unconscious,False,Image,False,48,0,48,0
112,01,rh-superiorfrontal,0.5,0.0,0.0,0.6931471805599453,None + Dummy,unconscious,unconscious,False,Image,False,48,0,48,0
113,01,rh-superiorfrontal,0.5,0.0,0.0,0.6931471805599453,None + Dummy,unconscious,unconscious,False,Image,False,48,0,48,0
114,01,rh-superiorfrontal,0.5,0.0,0.0,0.6931471805599453,None + Dummy,unconscious,unconscious,False,Image,False,48,0,48,0
115,01,rh-superiorfrontal,0.5,0.0,0.0,0.6931471805599453,None + Dummy,unconscious,unconscious,False,Image,False,48,0,48,0
116,01,rh-superiorfrontal,0.5,0.0,0.0,0.6931471805599453,None + Dummy,unconscious,unconscious,False,Image,False,48,0,48,0
117,01,rh-superiorfrontal,0.5,0.0,0.0,0.6931471805599453,None + Dummy,unconscious,unconscious,False,Image,False,48,0,48,0
118,01,rh-superiorfrontal,0.5,0.0,0.0,0.6931471805599453,None + Dummy,unconscious,unconscious,False,Image,False,48,0,48,0
119,01,rh-superiorfrontal,0.5,0.0,0.0,0.6931471805599453,None + Dummy,unconscious,unconscious,False,Image,False,48,0,48,0
120,01,rh-superiorfrontal,0.5,0.0,0.0,0.6931471805599453,None + Dummy,unconscious,unconscious,False,Image,False,48,0,48,0
121,01,rh-superiorfrontal,0.5,0.0,0.0,0.6931471805599453,None + Dummy,unconscious,unconscious,False,Image,False,48,0,48,0
122,01,rh-superiorfrontal,0.5,0.0,0.0,0.6931471805599453,None + Dummy,unconscious,unconscious,False,Image,False,48,0,48,0
123,01,rh-superiorfrontal,0.5,0.0,0.0,0.6931471805599453,None + Dummy,unconscious,unconscious,False,Image,False,48,0,48,0
124,01,rh-superiorfrontal,0.5,0.0,0.0,0.6931471805599453,None + Dummy,unconscious,unconscious,False,Image,False,48,0,48,0
125,01,rh-superiorfrontal,0.5,0.0,0.0,0.6931471805599453,None + Dummy,unconscious,unconscious,False,Image,False,48,0,48,0
126,01,rh-superiorfrontal,0.5,0.0,0.0,0.6931471805599453,None + Dummy,unconscious,unconscious,False,Image,False,48,0,48,0
127,01,rh-superiorfrontal,0.5,0.0,0.0,0.6931471805599453,None + Dummy,unconscious,unconscious,False,Image,False,48,0,48,0
128,01,rh-superiorfrontal,0.5,0.0,0.0,0.6931471805599453,None + Dummy,unconscious,unconscious,False,Image,False,48,0,48,0
129,01,rh-superiorfrontal,0.5,0.0,0.0,0.6931471805599453,None + Dummy,unconscious,unconscious,False,Image,False,48,0,48,0
130,01,rh-superiorfrontal,0.5,0.0,0.0,0.6931471805599453,None + Dummy,unconscious,unconscious,False,Image,False,48,0,48,0
131,01,rh-superiorfrontal,0.5,0.0,0.0,0.6931471805599453,None + Dummy,unconscious,unconscious,False,Image,False,48,0,48,0
132,01,rh-superiorfrontal,0.5,0.0,0.0,0.6931471805599453,None + Dummy,unconscious,unconscious,False,Image,False,48,0,48,0
133,01,rh-superiorfrontal,0.5,0.0,0.0,0.6931471805599453,None + Dummy,unconscious,unconscious,False,Image,False,48,0,48,0
134,01,rh-superiorfrontal,0.5,0.0,0.0,0.6931471805599453,None + Dummy,unconscious,unconscious,False,Image,False,48,0,48,0
135,01,rh-superiorfrontal,0.5,0.0,0.0,0.6931471805599453,None + Dummy,unconscious,unconscious,False,Image,False,48,0,48,0
136,01,rh-superiorfrontal,0.5,0.0,0.0,0.6931471805599453,None + Dummy,unconscious,unconscious,False,Image,False,48,0,48,0
137,01,rh-superiorfrontal,0.5,0.0,0.0,0.6931471805599453,None + Dummy,unconscious,unconscious,False,Image,False,48,0,48,0
138,01,rh-superiorfrontal,0.5,0.0,0.0,0.6931471805599453,None + Dummy,unconscious,unconscious,False,Image,False,48,0,48,0
139,01,rh-superiorfrontal,0.5,0.0,0.0,0.6931471805599453,None + Dummy,unconscious,unconscious,False,Image,False,48,0,48,0
140,01,rh-superiorfrontal,0.5,0.0,0.0,0.6931471805599453,None + Dummy,unconscious,unconscious,False,Image,False,48,0,48,0
141,01,rh-superiorfrontal,0.5,0.0,0.0,0.6931471805599453,None + Dummy,unconscious,unconscious,False,Image,False,48,0,48,0
142,01,rh-superiorfrontal,0.5,0.0,0.0,0.6931471805599453,None + Dummy,unconscious,unconscious,False,Image,False,48,0,48,0
143,01,rh-superiorfrontal,0.5,0.0,0.0,0.6931471805599453,None + Dummy,unconscious,unconscious,False,Image,False,48,0,48,0
144,01,rh-superiorfrontal,0.5,0.0,0.0,0.6931471805599453,None + Dummy,unconscious,unconscious,False,Image,False,48,0,48,0
145,01,rh-superiorfrontal,0.5,0.0,0.0,0.6931471805599453,None + Dummy,unconscious,unconscious,False,Image,False,48,0,48,0
146,01,rh-superiorfrontal,0.5,0.0,0.0,0.6931471805599453,None + Dummy,unconscious,unconscious,False,Image,False,48,0,48,0
147,01,rh-superiorfrontal,0.5,0.0,0.0,0.6931471805599453,None + Dummy,unconscious,unconscious,False,Image,False,48,0,48,0
148,01,rh-superiorfrontal,0.5,0.0,0.0,0.6931471805599453,None + Dummy,unconscious,unconscious,False,Image,False,48,0,48,0
149,01,rh-superiorfrontal,0.5,0.0,0.0,0.6931471805599453,None + Dummy,unconscious,unconscious,False,Image,False,48,0,48,0
150,01,rh-superiorfrontal,0.5,0.0,0.0,0.6931471805599453,None + Dummy,unconscious,unconscious,False,Image,False,48,0,48,0
151,01,rh-superiorfrontal,0.5,0.0,0.0,0.6931471805599453,None + Dummy,unconscious,unconscious,False,Image,False,48,0,48,0
152,01,rh-superiorfrontal,0.5,0.0,0.0,0.6931471805599453,None + Dummy,unconscious,unconscious,False,Image,False,48,0,48,0
153,01,rh-superiorfrontal,0.5,0.0,0.0,0.6931471805599453,None + Dummy,unconscious,unconscious,False,Image,False,48,0,48,0
154,01,rh-superiorfrontal,0.5,0.0,0.0,0.6931471805599453,None + Dummy,unconscious,unconscious,False,Image,False,48,0,48,0
155,01,rh-superiorfrontal,0.5,0.0,0.0,0.6931471805599453,None + Dummy,unconscious,unconscious,False,Image,False,48,0,48,0
156,01,rh-superiorfrontal,0.5,0.0,0.0,0.6931471805599453,None + Dummy,unconscious,unconscious,False,Image,False,48,0,48,0
157,01,rh-superiorfrontal,0.5,0.0,0.0,0.6931471805599453,None + Dummy,unconscious,unconscious,False,Image,False,48,0,48,0
158,01,rh-superiorfrontal,0.5,0.0,0.0,0.6931471805599453,None + Dummy,unconscious,unconscious,False,Image,False,48,0,48,0
159,01,rh-superiorfrontal,0.5,0.0,0.0,0.6931471805599453,None + Dummy,unconscious,unconscious,False,Image,False,48,0,48,0
160,01,rh-superiorfrontal,0.5,0.0,0.0,0.6931471805599453,None + Dummy,unconscious,unconscious,False,Image,False,48,0,48,0
161,01,rh-superiorfrontal,0.5,0.0,0.0,0.6931471805599453,None + Dummy,unconscious,unconscious,False,Image,False,48,0,48,0
162,01,rh-superiorfrontal,0.5,0.0,0.0,0.6931471805599453,None + Dummy,unconscious,unconscious,False,Image,False,48,0,48,0
163,01,rh-superiorfrontal,0.5,0.0,0.0,0.6931471805599453,None + Dummy,unconscious,unconscious,False,Image,False,48,0,48,0
164,01,rh-superiorfrontal,0.5,0.0,0.0,0.6931471805599453,None + Dummy,unconscious,unconscious,False,Image,False,48,0,48,0
165,01,rh-superiorfrontal,0.5,0.0,0.0,0.6931471805599453,None + Dummy,unconscious,unconscious,False,Image,False,48,0,48,0
166,01,rh-superiorfrontal,0.5,0.0,0.0,0.6931471805599453,None + Dummy,unconscious,unconscious,False,Image,False,48,0,48,0
167,01,rh-superiorfrontal,0.5,0.0,0.0,0.6931471805599453,None + Dummy,unconscious,unconscious,False,Image,False,48,0,48,0
168,01,rh-superiorfrontal,0.5,0.0,0.0,0.6931471805599453,None + Dummy,unconscious,unconscious,False,Image,False,48,0,48,0
169,01,rh-superiorfrontal,0.5,0.0,0.0,0.6931471805599453,None + Dummy,unconscious,unconscious,False,Image,False,48,0,48,0
170,01,rh-superiorfrontal,0.5,0.0,0.0,0.6931471805599453,None + Dummy,unconscious,unconscious,False,Image,False,48,0,48,0
171,01,rh-superiorfrontal,0.5,0.0,0.0,0.6931471805599453,None + Dummy,unconscious,unconscious,False,Image,False,48,0,48,0
172,01,rh-superiorfrontal,0.5,0.0,0.0,0.6931471805599453,None + Dummy,unconscious,unconscious,False,Image,False,48,0,48,0
173,01,rh-superiorfrontal,0.5,0.0,0.0,0.6931471805599453,None + Dummy,unconscious,unconscious,False,Image,False,48,0,48,0
174,01,rh-superiorfrontal,0.5,0.0,0.0,0.6931471805599453,None + Dummy,unconscious,unconscious,False,Image,False,48,0,48,0
175,01,rh-superiorfrontal,0.5,0.0,0.0,0.6931471805599453,None + Dummy,unconscious,unconscious,False,Image,False,48,0,48,0
176,01,rh-superiorfrontal,0.5,0.0,0.0,0.6931471805599453,None + Dummy,unconscious,unconscious,False,Image,False,48,0,48,0
177,01,rh-superiorfrontal,0.5,0.0,0.0,0.6931471805599453,None + Dummy,unconscious,unconscious,False,Image,False,48,0,48,0
178,01,rh-superiorfrontal,0.5,0.0,0.0,0.6931471805599453,None + Dummy,unconscious,unconscious,False,Image,False,48,0,48,0
179,01,rh-superiorfrontal,0.5,0.0,0.0,0.6931471805599453,None + Dummy,unconscious,unconscious,False,Image,False,48,0,48,0
180,01,rh-superiorfrontal,0.5,0.0,0.0,0.6931471805599453,None + Dummy,unconscious,unconscious,False,Image,False,48,0,48,0
181,01,rh-superiorfrontal,0.5,0.0,0.0,0.6931471805599453,None + Dummy,unconscious,unconscious,False,Image,False,48,0,48,0
182,01,rh-superiorfrontal,0.5,0.0,0.0,0.6931471805599453,None + Dummy,unconscious,unconscious,False,Image,False,48,0,48,0
183,01,rh-superiorfrontal,0.5,0.0,0.0,0.6931471805599453,None + Dummy,unconscious,unconscious,False,Image,False,48,0,48,0
184,01,rh-superiorfrontal,0.5,0.0,0.0,0.6931471805599453,None + Dummy,unconscious,unconscious,False,Image,False,48,0,48,0
185,01,rh-superiorfrontal,0.5,0.0,0.0,0.6931471805599453,None + Dummy,unconscious,unconscious,False,Image,False,48,0,48,0
186,01,rh-superiorfrontal,0.5,0.0,0.0,0.6931471805599453,None + Dummy,unconscious,unconscious,False,Image,False,48,0,48,0
187,01,rh-superiorfrontal,0.5,0.0,0.0,0.6931471805599453,None + Dummy,unconscious,unconscious,False,Image,False,48,0,48,0
188,01,rh-superiorfrontal,0.5,0.0,0.0,0.6931471805599453,None + Dummy,unconscious,unconscious,False,Image,False,48,0,48,0
189,01,rh-superiorfrontal,0.5,0.0,0.0,0.6931471805599453,None + Dummy,unconscious,unconscious,False,Image,False,48,0,48,0
190,01,rh-superiorfrontal,0.5,0.0,0.0,0.6931471805599453,None + Dummy,unconscious,unconscious,False,Image,False,48,0,48,0
191,01,rh-superiorfrontal,0.5,0.0,0.0,0.6931471805599453,None + Dummy,unconscious,unconscious,False,Image,False,48,0,48,0
192,01,rh-superiorfrontal,0.5,0.0,0.0,0.6931471805599453,None + Dummy,unconscious,unconscious,False,Image,False,48,0,48,0
193,01,rh-superiorfrontal,0.5,0.0,0.0,0.6931471805599453,None + Dummy,unconscious,unconscious,False,Image,False,48,0,48,0
194,01,rh-superiorfrontal,0.5,0.0,0.0,0.6931471805599453,None + Dummy,unconscious,unconscious,False,Image,False,48,0,48,0
195,01,rh-superiorfrontal,0.5,0.0,0.0,0.6931471805599453,None + Dummy,unconscious,unconscious,False,Image,False,48,0,48,0
196,01,rh-superiorfrontal,0.5,0.0,0.0,0.6931471805599453,None + Dummy,unconscious,unconscious,False,Image,False,48,0,48,0
197,01,rh-superiorfrontal,0.5,0.0,0.0,0.6931471805599453,None + Dummy,unconscious,unconscious,False,Image,False,48,0,48,0
198,01,rh-superiorfrontal,0.5,0.0,0.0,0.6931471805599453,None + Dummy,unconscious,unconscious,False,Image,False,48,0,48,0
199,01,rh-superiorfrontal,0.5,0.0,0.0,0.6931471805599453,None + Dummy,unconscious,unconscious,False,Image,False,48,0,48,0
200,01,rh-superiorfrontal,0.5,0.0,0.0,0.6931471805599453,None + Dummy,unconscious,unconscious,False,Image,False,48,0,48,0
201,01,rh-superiorfrontal,0.5,0.0,0.0,0.6931471805599453,None + Dummy,unconscious,unconscious,False,Image,False,48,0,48,0
202,01,rh-superiorfrontal,0.5,0.0,0.0,0.6931471805599453,None + Dummy,unconscious,unconscious,False,Image,False,48,0,48,0
203,01,rh-superiorfrontal,0.5,0.0,0.0,0.6931471805599453,None + Dummy,unconscious,unconscious,False,Image,False,48,0,48,0
204,01,rh-superiorfrontal,0.5,0.0,0.0,0.6931471805599453,None + Dummy,unconscious,unconscious,False,Image,False,48,0,48,0
205,01,rh-superiorfrontal,0.5,0.0,0.0,0.6931471805599453,None + Dummy,unconscious,unconscious,False,Image,False,48,0,48,0
206,01,rh-superiorfrontal,0.5,0.0,0.0,0.6931471805599453,None + Dummy,unconscious,unconscious,False,Image,False,48,0,48,0
207,01,rh-superiorfrontal,0.5,0.0,0.0,0.6931471805599453,None + Dummy,unconscious,unconscious,False,Image,False,48,0,48,0
208,01,rh-superiorfrontal,0.5,0.0,0.0,0.6931471805599453,None + Dummy,unconscious,unconscious,False,Image,False,48,0,48,0
209,01,rh-superiorfrontal,0.5,0.0,0.0,0.6931471805599453,None + Dummy,unconscious,unconscious,False,Image,False,48,0,48,0
210,01,rh-superiorfrontal,0.5,0.0,0.0,0.6931471805599453,None + Dummy,unconscious,unconscious,False,Image,False,48,0,48,0
211,01,rh-superiorfrontal,0.5,0.0,0.0,0.6931471805599453,None + Dummy,unconscious,unconscious,False,Image,False,48,0,48,0
212,01,rh-superiorfrontal,0.5,0.0,0.0,0.6931471805599453,None + Dummy,unconscious,unconscious,False,Image,False,48,0,48,0
213,01,rh-superiorfrontal,0.5,0.0,0.0,0.6931471805599453,None + Dummy,unconscious,unconscious,False,Image,False,48,0,48,0
214,01,rh-superiorfrontal,0.5,0.0,0.0,0.6931471805599453,None + Dummy,unconscious,unconscious,False,Image,False,48,0,48,0
215,01,rh-superiorfrontal,0.5,0.0,0.0,0.6931471805599453,None + Dummy,unconscious,unconscious,False,Image,False,48,0,48,0
216,01,rh-superiorfrontal,0.5,0.0,0.0,0.6931471805599453,None + Dummy,unconscious,unconscious,False,Image,False,48,0,48,0
217,01,rh-superiorfrontal,0.5,0.0,0.0,0.6931471805599453,None + Dummy,unconscious,unconscious,False,Image,False,48,0,48,0
218,01,rh-superiorfrontal,0.5,0.0,0.0,0.6931471805599453,None + Dummy,unconscious,unconscious,False,Image,False,48,0,48,0
219,01,rh-superiorfrontal,0.5,0.0,0.0,0.6931471805599453,None + Dummy,unconscious,unconscious,False,Image,False,48,0,48,0
220,01,rh-superiorfrontal,0.5,0.0,0.0,0.6931471805599453,None + Dummy,unconscious,unconscious,False,Image,False,48,0,48,0
221,01,rh-superiorfrontal,0.5,0.0,0.0,0.6931471805599453,None + Dummy,unconscious,unconscious,False,Image,False,48,0,48,0
222,01,rh-superiorfrontal,0.5,0.0,0.0,0.6931471805599453,None + Dummy,unconscious,unconscious,False,Image,False,48,0,48,0
223,01,rh-superiorfrontal,0.5,0.0,0.0,0.6931471805599453,None + Dummy,unconscious,unconscious,False,Image,False,48,0,48,0
224,01,rh-superiorfrontal,0.5,0.0,0.0,0.6931471805599453,None + Dummy,unconscious,unconscious,False,Image,False,48,0,48,0
225,01,rh-superiorfrontal,0.5,0.0,0.0,0.6931471805599453,None + Dummy,unconscious,unconscious,False,Image,False,48,0,48,0
226,01,rh-superiorfrontal,0.5,0.0,0.0,0.6931471805599453,None + Dummy,unconscious,unconscious,False,Image,False,48,0,48,0
227,01,rh-superiorfrontal,0.5,0.0,0.0,0.6931471805599453,None + Dummy,unconscious,unconscious,False,Image,False,48,0,48,0
228,01,rh-superiorfrontal,0.5,0.0,0.0,0.6931471805599453,None + Dummy,unconscious,unconscious,False,Image,False,48,0,48,0
229,01,rh-superiorfrontal,0.5,0.0,0.0,0.6931471805599453,None + Dummy,unconscious,unconscious,False,Image,False,48,0,48,0
230,01,rh-superiorfrontal,0.5,0.0,0.0,0.6931471805599453,None + Dummy,unconscious,unconscious,False,Image,False,48,0,48,0
231,01,rh-superiorfrontal,0.5,0.0,0.0,0.6931471805599453,None + Dummy,unconscious,unconscious,False,Image,False,48,0,48,0
232,01,rh-superiorfrontal,0.5,0.0,0.0,0.6931471805599453,None + Dummy,unconscious,unconscious,False,Image,False,48,0,48,0
233,01,rh-superiorfrontal,0.5,0.0,0.0,0.6931471805599453,None + Dummy,unconscious,unconscious,False,Image,False,48,0,48,0
234,01,rh-superiorfrontal,0.5,0.0,0.0,0.6931471805599453,None + Dummy,unconscious,unconscious,False,Image,False,48,0,48,0
235,01,rh-superiorfrontal,0.5,0.0,0.0,0.6931471805599453,None + Dummy,unconscious,unconscious,False,Image,False,48,0,48,0
236,01,rh-superiorfrontal,0.5,0.0,0.0,0.6931471805599453,None + Dummy,unconscious,unconscious,False,Image,False,48,0,48,0
237,01,rh-superiorfrontal,0.5,0.0,0.0,0.6931471805599453,None + Dummy,unconscious,unconscious,False,Image,False,48,0,48,0
238,01,rh-superiorfrontal,0.5,0.0,0.0,0.6931471805599453,None + Dummy,unconscious,unconscious,False,Image,False,48,0,48,0
239,01,rh-superiorfrontal,0.5,0.0,0.0,0.6931471805599453,None + Dummy,unconscious,unconscious,False,Image,False,48,0,48,0
240,01,rh-superiorfrontal,0.5,0.0,0.0,0.6931471805599453,None + Dummy,unconscious,unconscious,False,Image,False,48,0,48,0
241,01,rh-superiorfrontal,0.5,0.0,0.0,0.6931471805599453,None + Dummy,unconscious,unconscious,False,Image,False,48,0,48,0
242,01,rh-superiorfrontal,0.5,0.0,0.0,0.6931471805599453,None + Dummy,unconscious,unconscious,False,Image,False,48,0,48,0
243,01,rh-superiorfrontal,0.5,0.0,0.0,0.6931471805599453,None + Dummy,unconscious,unconscious,False,Image,False,48,0,48,0
244,01,rh-superiorfrontal,0.5,0.0,0.0,0.6931471805599453,None + Dummy,unconscious,unconscious,False,Image,False,48,0,48,0
245,01,rh-superiorfrontal,0.5,0.0,0.0,0.6931471805599453,None + Dummy,unconscious,unconscious,False,Image,False,48,0,48,0
246,01,rh-superiorfrontal,0.5,0.0,0.0,0.6931471805599453,None + Dummy,unconscious,unconscious,False,Image,False,48,0,48,0
247,01,rh-superiorfrontal,0.5,0.0,0.0,0.6931471805599453,None + Dummy,unconscious,unconscious,False,Image,False,48,0,48,0
248,01,rh-superiorfrontal,0.5,0.0,0.0,0.6931471805599453,None + Dummy,unconscious,unconscious,False,Image,False,48,0,48,0
249,01,rh-superiorfrontal,0.5,0.0,0.0,0.6931471805599453,None + Dummy,unconscious,unconscious,False,Image,False,48,0,48,0
250,01,rh-superiorfrontal,0.5,0.0,0.0,0.6931471805599453,None + Dummy,unconscious,unconscious,False,Image,False,48,0,48,0
251,01,rh-superiorfrontal,0.5,0.0,0.0,0.6931471805599453,None + Dummy,unconscious,unconscious,False,Image,False,48,0,48,0
252,01,rh-superiorfrontal,0.5,0.0,0.0,0.6931471805599453,None + Dummy,unconscious,unconscious,False,Image,False,48,0,48,0
253,01,rh-superiorfrontal,0.5,0.0,0.0,0.6931471805599453,None + Dummy,unconscious,unconscious,False,Image,False,48,0,48,0
254,01,rh-superiorfrontal,0.5,0.0,0.0,0.6931471805599453,None + Dummy,unconscious,unconscious,False,Image,False,48,0,48,0
255,01,rh-superiorfrontal,0.5,0.0,0.0,0.6931471805599453,None + Dummy,unconscious,unconscious,False,Image,False,48,0,48,0
256,01,rh-superiorfrontal,0.5,0.0,0.0,0.6931471805599453,None + Dummy,unconscious,unconscious,False,Image,False,48,0,48,0
257,01,rh-superiorfrontal,0.5,0.0,0.0,0.6931471805599453,None + Dummy,unconscious,unconscious,False,Image,False,48,0,48,0
258,01,rh-superiorfrontal,0.5,0.0,0.0,0.6931471805599453,None + Dummy,unconscious,unconscious,False,Image,False,48,0,48,0
259,01,rh-superiorfrontal,0.5,0.0,0.0,0.6931471805599453,None + Dummy,unconscious,unconscious,False,Image,False,48,0,48,0
260,01,rh-superiorfrontal,0.5,0.0,0.0,0.6931471805599453,None + Dummy,unconscious,unconscious,False,Image,False,48,0,48,0
261,01,rh-superiorfrontal,0.5,0.0,0.0,0.6931471805599453,None + Dummy,unconscious,unconscious,False,Image,False,48,0,48,0
262,01,rh-superiorfrontal,0.5,0.0,0.0,0.6931471805599453,None + Dummy,unconscious,unconscious,False,Image,False,48,0,48,0
263,01,rh-superiorfrontal,0.5,0.0,0.0,0.6931471805599453,None + Dummy,unconscious,unconscious,False,Image,False,48,0,48,0
264,01,rh-superiorfrontal,0.5,0.0,0.0,0.6931471805599453,None + Dummy,unconscious,unconscious,False,Image,False,48,0,48,0
265,01,rh-superiorfrontal,0.5,0.0,0.0,0.6931471805599453,None + Dummy,unconscious,unconscious,False,Image,False,48,0,48,0
266,01,rh-superiorfrontal,0.5,0.0,0.0,0.6931471805599453,None + Dummy,unconscious,unconscious,False,Image,False,48,0,48,0
267,01,rh-superiorfrontal,0.5,0.0,0.0,0.6931471805599453,None + Dummy,unconscious,unconscious,False,Image,False,48,0,48,0
268,01,rh-superiorfrontal,0.5,0.0,0.0,0.6931471805599453,None + Dummy,unconscious,unconscious,False,Image,False,48,0,48,0
269,01,rh-superiorfrontal,0.5,0.0,0.0,0.6931471805599453,None + Dummy,unconscious,unconscious,False,Image,False,48,0,48,0
270,01,rh-superiorfrontal,0.5,0.0,0.0,0.6931471805599453,None + Dummy,unconscious,unconscious,False,Image,False,48,0,48,0
271,01,rh-superiorfrontal,0.5,0.0,0.0,0.6931471805599453,None + Dummy,unconscious,unconscious,False,Image,False,48,0,48,0
272,01,rh-superiorfrontal,0.5,0.0,0.0,0.6931471805599453,None + Dummy,unconscious,unconscious,False,Image,False,48,0,48,0
273,01,rh-superiorfrontal,0.5,0.0,0.0,0.6931471805599453,None + Dummy,unconscious,unconscious,False,Image,False,48,0,48,0
274,01,rh-superiorfrontal,0.5,0.0,0.0,0.6931471805599453,None + Dummy,unconscious,unconscious,False,Image,False,48,0,48,0
275,01,rh-superiorfrontal,0.5,0.0,0.0,0.6931471805599453,None + Dummy,unconscious,unconscious,False,Image,False,48,0,48,0
276,01,rh-superiorfrontal,0.5,0.0,0.0,0.6931471805599453,None + Dummy,unconscious,unconscious,False,Image,False,48,0,48,0
277,01,rh-superiorfrontal,0.5,0.0,0.0,0.6931471805599453,None + Dummy,unconscious,unconscious,False,Image,False,48,0,48,0
278,01,rh-superiorfrontal,0.5,0.0,0.0,0.6931471805599453,None + Dummy,unconscious,unconscious,False,Image,False,48,0,48,0
279,01,rh-superiorfrontal,0.5,0.0,0.0,0.6931471805599453,None + Dummy,unconscious,unconscious,False,Image,False,48,0,48,0
280,01,rh-superiorfrontal,0.5,0.0,0.0,0.6931471805599453,None + Dummy,unconscious,unconscious,False,Image,False,48,0,48,0
281,01,rh-superiorfrontal,0.5,0.0,0.0,0.6931471805599453,None + Dummy,unconscious,unconscious,False,Image,False,48,0,48,0
282,01,rh-superiorfrontal,0.5,0.0,0.0,0.6931471805599453,None + Dummy,unconscious,unconscious,False,Image,False,48,0,48,0
283,01,rh-superiorfrontal,0.5,0.0,0.0,0.6931471805599453,None + Dummy,unconscious,unconscious,False,Image,False,48,0,48,0
284,01,rh-superiorfrontal,0.5,0.0,0.0,0.6931471805599453,None + Dummy,unconscious,unconscious,False,Image,False,48,0,48,0
285,01,rh-superiorfrontal,0.5,0.0,0.0,0.6931471805599453,None + Dummy,unconscious,unconscious,False,Image,False,48,0,48,0
286,01,rh-superiorfrontal,0.5,0.0,0.0,0.6931471805599453,None + Dummy,unconscious,unconscious,False,Image,False,48,0,48,0
287,01,rh-superiorfrontal,0.5,0.0,0.0,0.6931471805599453,None + Dummy,unconscious,unconscious,False,Image,False,48,0,48,0
288,01,rh-superiorfrontal,0.5,0.0,0.0,0.6931471805599453,None + Dummy,unconscious,unconscious,False,Image,False,48,0,48,0
289,01,rh-superiorfrontal,0.5,0.0,0.0,0.6931471805599453,None + Dummy,unconscious,unconscious,False,Image,False,48,0,48,0
290,01,rh-superiorfrontal,0.5,0.0,0.0,0.6931471805599453,None + Dummy,unconscious,unconscious,False,Image,False,48,0,48,0
291,01,rh-superiorfrontal,0.5,0.0,0.0,0.6931471805599453,None + Dummy,unconscious,unconscious,False,Image,False,48,0,48,0
292,01,rh-superiorfrontal,0.5,0.0,0.0,0.6931471805599453,None + Dummy,unconscious,unconscious,False,Image,False,48,0,48,0
293,01,rh-superiorfrontal,0.5,0.0,0.0,0.6931471805599453,None + Dummy,unconscious,unconscious,False,Image,False,48,0,48,0
294,01,rh-superiorfrontal,0.5,0.0,0.0,0.6931471805599453,None + Dummy,unconscious,unconscious,False,Image,False,48,0,48,0
295,01,rh-superiorfrontal,0.5,0.0,0.0,0.6931471805599453,None + Dummy,unconscious,unconscious,False,Image,False,48,0,48,0
296,01,rh-superiorfrontal,0.5,0.0,0.0,0.6931471805599453,None + Dummy,unconscious,unconscious,False,Image,False,48,0,48,0
297,01,rh-superiorfrontal,0.5,0.0,0.0,0.6931471805599453,None + Dummy,unconscious,unconscious,False,Image,False,48,0,48,0
298,01,rh-superiorfrontal,0.5,0.0,0.0,0.6931471805599453,None + Dummy,unconscious,unconscious,False,Image,False,48,0,48,0
299,01,rh-superiorfrontal,0.5,0.0,0.0,0.6931471805599453,None + Dummy,unconscious,unconscious,False,Image,False,48,0,48,0
300,01,rh-superiorfrontal,0.5,0.0,0.0,0.6931471805599453,None + Dummy,unconscious,unconscious,False,Image,False,48,0,48,0
