fold,sub,roi,roc_auc,mattews_correcoef,f1_score,log_loss,model,condition_target,condition_source,flip,language,transfer,tn,tp,fn,fp
1,01,lh-inferiorparietal,0.75,0.2182178902359924,0.4,0.6224798199617738,Mutual + Linear-SVM,unconscious,unconscious,False,Image,False,6,1,1,2
2,01,lh-inferiorparietal,0.5,0.1259881576697424,0.5333333333333333,0.7164491391097126,Mutual + Linear-SVM,unconscious,unconscious,False,Image,False,5,4,4,3
3,01,lh-inferiorparietal,0.5961538461538461,0.1589409883014377,0.608695652173913,0.7287949850385468,Mutual + Linear-SVM,unconscious,unconscious,False,Image,False,5,7,6,3
4,01,lh-inferiorparietal,0.5277777777777778,0.07042952122737638,0.5,0.7031698412626803,Mutual + Linear-SVM,unconscious,unconscious,False,Image,False,5,4,5,3
5,01,lh-inferiorparietal,0.0625,-0.6123724356957946,0.0,0.6417076674737794,Mutual + Linear-SVM,unconscious,unconscious,False,Image,False,2,0,2,6
6,01,lh-inferiorparietal,0.7250000000000001,0.35,0.6,0.6600121266429343,Mutual + Linear-SVM,unconscious,unconscious,False,Image,False,6,3,2,2
7,01,lh-inferiorparietal,0.53125,0.1259881576697424,0.5333333333333333,0.6967793052635053,Mutual + Linear-SVM,unconscious,unconscious,False,Image,False,5,4,4,3
8,01,lh-inferiorparietal,0.725,0.35,0.6,0.6611977522773412,Mutual + Linear-SVM,unconscious,unconscious,False,Image,False,6,3,2,2
9,01,lh-inferiorparietal,0.640625,0.1259881576697424,0.5333333333333333,0.6889257719189676,Mutual + Linear-SVM,unconscious,unconscious,False,Image,False,5,4,4,3
10,01,lh-inferiorparietal,0.625,0.3098898934004561,0.6250000000000001,0.6875324097776958,Mutual + Linear-SVM,unconscious,unconscious,False,Image,False,6,5,4,2
11,01,lh-inferiorparietal,0.5357142857142857,-0.07142857142857142,0.42857142857142855,0.6947149391919962,Mutual + Linear-SVM,unconscious,unconscious,False,Image,False,4,3,4,4
12,01,lh-inferiorparietal,0.47916666666666663,0.125,0.5,0.6928411408201595,Mutual + Linear-SVM,unconscious,unconscious,False,Image,False,5,3,3,3
13,01,lh-inferiorparietal,0.6590909090909091,0.1685499656158105,0.6,0.7146740917526897,Mutual + Linear-SVM,unconscious,unconscious,False,Image,False,5,6,5,3
14,01,lh-inferiorparietal,0.7000000000000001,0.35,0.6,0.6669192819180861,Mutual + Linear-SVM,unconscious,unconscious,False,Image,False,6,3,2,2
15,01,lh-inferiorparietal,0.513888888888889,0.07042952122737638,0.5,0.7019180339778563,Mutual + Linear-SVM,unconscious,unconscious,False,Image,False,5,4,5,3
16,01,lh-inferiorparietal,0.375,0.0,0.4615384615384615,0.7031294433627029,Mutual + Linear-SVM,unconscious,unconscious,False,Image,False,4,3,3,4
17,01,lh-inferiorparietal,0.39583333333333337,-0.04303314829119352,0.3636363636363636,0.7024885924038425,Mutual + Linear-SVM,unconscious,unconscious,False,Image,False,5,2,4,3
18,01,lh-inferiorparietal,0.6833333333333333,0.39727607885233013,0.7407407407407408,0.7236656191552805,Mutual + Linear-SVM,unconscious,unconscious,False,Image,False,6,10,5,2
19,01,lh-inferiorparietal,0.55,0.125,0.5555555555555556,0.7148245927912306,Mutual + Linear-SVM,unconscious,unconscious,False,Image,False,5,5,5,3
20,01,lh-inferiorparietal,0.53125,0.11952286093343936,0.4444444444444445,0.6626710815824146,Mutual + Linear-SVM,unconscious,unconscious,False,Image,False,5,2,2,3
21,01,lh-inferiorparietal,0.35,-0.09759000729485333,0.3636363636363636,0.6860010212754961,Mutual + Linear-SVM,unconscious,unconscious,False,Image,False,4,2,3,4
22,01,lh-inferiorparietal,0.4791666666666667,0.125,0.5,0.686199381569116,Mutual + Linear-SVM,unconscious,unconscious,False,Image,False,5,3,3,3
23,01,lh-inferiorparietal,0.515625,0.1259881576697424,0.5333333333333333,0.7125726549887598,Mutual + Linear-SVM,unconscious,unconscious,False,Image,False,5,4,4,3
24,01,lh-inferiorparietal,0.5333333333333333,0.2802242691589025,0.7142857142857142,0.7451091012973738,Mutual + Linear-SVM,unconscious,unconscious,False,Image,False,5,10,5,3
25,01,lh-inferiorparietal,0.6041666666666667,0.125,0.5,0.6797933074690915,Mutual + Linear-SVM,unconscious,unconscious,False,Image,False,5,3,3,3
26,01,lh-inferiorparietal,0.48749999999999993,0.125,0.5555555555555556,0.7138823996045575,Mutual + Linear-SVM,unconscious,unconscious,False,Image,False,5,5,5,3
27,01,lh-inferiorparietal,0.546875,0.1259881576697424,0.5333333333333333,0.6952192384525007,Mutual + Linear-SVM,unconscious,unconscious,False,Image,False,5,4,4,3
28,01,lh-inferiorparietal,0.7083333333333333,0.25819888974716115,0.5454545454545454,0.6717012817818974,Mutual + Linear-SVM,unconscious,unconscious,False,Image,False,6,3,3,2
29,01,lh-inferiorparietal,0.75,0.2182178902359924,0.4,0.6195276034400253,Mutual + Linear-SVM,unconscious,unconscious,False,Image,False,6,1,1,2
30,01,lh-inferiorparietal,0.75,0.2581988897471611,0.5714285714285715,0.6788028826919899,Mutual + Linear-SVM,unconscious,unconscious,False,Image,False,6,4,4,2
31,01,lh-inferiorparietal,0.6,0.15811388300841897,0.4444444444444445,0.6605860683915363,Mutual + Linear-SVM,unconscious,unconscious,False,Image,False,6,2,3,2
32,01,lh-inferiorparietal,0.5,-0.011631052629980886,0.4444444444444444,0.7286103487782105,Mutual + Linear-SVM,unconscious,unconscious,False,Image,False,5,4,7,3
33,01,lh-inferiorparietal,0.515625,0.0,0.42857142857142855,0.7042953834581483,Mutual + Linear-SVM,unconscious,unconscious,False,Image,False,5,3,5,3
34,01,lh-inferiorparietal,0.4,-0.09759000729485333,0.3636363636363636,0.6778383736607517,Mutual + Linear-SVM,unconscious,unconscious,False,Image,False,4,2,3,4
35,01,lh-inferiorparietal,0.7,0.025,0.4000000000000001,0.6649266276486476,Mutual + Linear-SVM,unconscious,unconscious,False,Image,False,5,2,3,3
36,01,lh-inferiorparietal,0.4625,-0.1941450686788302,0.26666666666666666,0.7206701232199101,Mutual + Linear-SVM,unconscious,unconscious,False,Image,False,5,2,8,3
37,01,lh-inferiorparietal,0.6666666666666666,0.4583333333333333,0.7142857142857143,0.6710399502887541,Mutual + Linear-SVM,unconscious,unconscious,False,Image,False,5,5,1,3
38,01,lh-inferiorparietal,0.5625,0.1259881576697424,0.5333333333333333,0.6994567270728567,Mutual + Linear-SVM,unconscious,unconscious,False,Image,False,5,4,4,3
39,01,lh-inferiorparietal,0.5,0.42640143271122083,0.4,0.6555323208292374,Mutual + Linear-SVM,unconscious,unconscious,False,Image,False,8,1,3,0
40,01,lh-inferiorparietal,0.5694444444444444,0.07042952122737638,0.5,0.7073579771773223,Mutual + Linear-SVM,unconscious,unconscious,False,Image,False,5,4,5,3
41,01,lh-inferiorparietal,0.78125,0.3779644730092272,0.6666666666666666,0.665562200183698,Mutual + Linear-SVM,unconscious,unconscious,False,Image,False,6,5,3,2
42,01,lh-inferiorparietal,0.59375,0.11952286093343936,0.4444444444444445,0.654836802436922,Mutual + Linear-SVM,unconscious,unconscious,False,Image,False,5,2,2,3
43,01,lh-inferiorparietal,0.37500000000000006,-0.09759000729485333,0.3636363636363636,0.6837142010704744,Mutual + Linear-SVM,unconscious,unconscious,False,Image,False,4,2,3,4
44,01,lh-inferiorparietal,0.8392857142857143,0.32732683535398854,0.6153846153846153,0.6556922702389102,Mutual + Linear-SVM,unconscious,unconscious,False,Image,False,6,4,3,2
45,01,lh-inferiorparietal,0.33928571428571425,-0.07142857142857142,0.42857142857142855,0.7183475516008061,Mutual + Linear-SVM,unconscious,unconscious,False,Image,False,4,3,4,4
46,01,lh-inferiorparietal,0.5681818181818181,0.1685499656158105,0.6,0.7204418320081709,Mutual + Linear-SVM,unconscious,unconscious,False,Image,False,5,6,5,3
47,01,lh-inferiorparietal,0.47916666666666663,0.125,0.5,0.6827122523532406,Mutual + Linear-SVM,unconscious,unconscious,False,Image,False,5,3,3,3
48,01,lh-inferiorparietal,0.45000000000000007,-0.21957751641341997,0.3333333333333333,0.6796128275855403,Mutual + Linear-SVM,unconscious,unconscious,False,Image,False,3,2,3,5
49,01,lh-inferiorparietal,0.4166666666666667,-0.3535533905932738,0.0,0.6447373463888518,Mutual + Linear-SVM,unconscious,unconscious,False,Image,False,6,0,2,6
50,01,lh-inferiorparietal,0.3125,-0.2041241452319315,0.33333333333333326,0.7126608192016832,Mutual + Linear-SVM,unconscious,unconscious,False,Image,False,5,3,5,7
51,01,lh-inferiorparietal,0.41666666666666663,-0.038461538461538464,0.48000000000000004,0.7219953174067197,Mutual + Linear-SVM,unconscious,unconscious,False,Image,False,6,6,7,6
52,01,lh-inferiorparietal,0.41666666666666663,-0.28306925853614895,0.23529411764705882,0.6906760680858922,Mutual + Linear-SVM,unconscious,unconscious,False,Image,False,6,2,7,6
53,01,lh-inferiorparietal,0.08333333333333331,-0.5477225575051662,0.0,0.6520394178326475,Mutual + Linear-SVM,unconscious,unconscious,False,Image,False,3,0,2,9
54,01,lh-inferiorparietal,0.5666666666666667,-0.015430334996209192,0.3333333333333333,0.6542256231908785,Mutual + Linear-SVM,unconscious,unconscious,False,Image,False,7,2,3,5
55,01,lh-inferiorparietal,0.4375,-0.041666666666666664,0.375,0.6840078028226617,Mutual + Linear-SVM,unconscious,unconscious,False,Image,False,7,3,5,5
56,01,lh-inferiorparietal,0.6333333333333333,0.24688535993934707,0.5,0.6543267673838675,Mutual + Linear-SVM,unconscious,unconscious,False,Image,False,8,3,2,4
57,01,lh-inferiorparietal,0.4583333333333333,-0.041666666666666664,0.375,0.6824033290999878,Mutual + Linear-SVM,unconscious,unconscious,False,Image,False,7,3,5,5
58,01,lh-inferiorparietal,0.5740740740740741,0.24771684715343112,0.6,0.6818056398179924,Mutual + Linear-SVM,unconscious,unconscious,False,Image,False,7,6,3,5
59,01,lh-inferiorparietal,0.42857142857142855,-0.06900655593423542,0.375,0.6840704059083852,Mutual + Linear-SVM,unconscious,unconscious,False,Image,False,6,3,4,6
60,01,lh-inferiorparietal,0.25,-0.2357022603955158,0.26666666666666666,0.6823369799885581,Mutual + Linear-SVM,unconscious,unconscious,False,Image,False,5,2,4,7
61,01,lh-inferiorparietal,0.4772727272727273,-0.045454545454545456,0.45454545454545453,0.7012862529625469,Mutual + Linear-SVM,unconscious,unconscious,False,Image,False,6,5,6,6
62,01,lh-inferiorparietal,0.5,0.06356417261637282,0.3636363636363636,0.6592495256032951,Mutual + Linear-SVM,unconscious,unconscious,False,Image,False,8,2,3,4
63,01,lh-inferiorparietal,0.5,0.027777777777777776,0.4444444444444444,0.6841707695847598,Mutual + Linear-SVM,unconscious,unconscious,False,Image,False,7,4,5,5
64,01,lh-inferiorparietal,0.18055555555555555,-0.3952847075210474,0.14285714285714288,0.6854331028180476,Mutual + Linear-SVM,unconscious,unconscious,False,Image,False,5,1,5,7
65,01,lh-inferiorparietal,0.26388888888888884,-0.2357022603955158,0.26666666666666666,0.6937388707150517,Mutual + Linear-SVM,unconscious,unconscious,False,Image,False,5,2,4,7
66,01,lh-inferiorparietal,0.5111111111111111,0.1,0.6,0.7129916053253671,Mutual + Linear-SVM,unconscious,unconscious,False,Image,False,6,9,6,6
67,01,lh-inferiorparietal,0.4583333333333333,0.08333333333333333,0.5,0.6936041487950688,Mutual + Linear-SVM,unconscious,unconscious,False,Image,False,7,5,5,5
68,01,lh-inferiorparietal,0.47916666666666663,0.07273929674533079,0.36363636363636365,0.6567903244130546,Mutual + Linear-SVM,unconscious,unconscious,False,Image,False,7,2,2,5
69,01,lh-inferiorparietal,0.15000000000000002,-0.6038596398555418,0.12500000000000003,0.6746170605094061,Mutual + Linear-SVM,unconscious,unconscious,False,Image,False,2,1,4,10
70,01,lh-inferiorparietal,0.3055555555555556,-0.31622776601683794,0.25,0.6709194320892216,Mutual + Linear-SVM,unconscious,unconscious,False,Image,False,4,2,4,8
71,01,lh-inferiorparietal,0.3958333333333333,-0.12309149097933272,0.35294117647058826,0.7123780361730654,Mutual + Linear-SVM,unconscious,unconscious,False,Image,False,6,3,5,6
72,01,lh-inferiorparietal,0.33333333333333337,-0.26519741765271837,0.4137931034482759,0.7257822134606097,Mutual + Linear-SVM,unconscious,unconscious,False,Image,False,4,6,9,8
73,01,lh-inferiorparietal,0.41666666666666663,-0.15811388300841897,0.28571428571428575,0.6691169540581956,Mutual + Linear-SVM,unconscious,unconscious,False,Image,False,6,2,4,6
74,01,lh-inferiorparietal,0.4583333333333333,0.0,0.47619047619047616,0.6926253084834101,Mutual + Linear-SVM,unconscious,unconscious,False,Image,False,6,5,5,6
75,01,lh-inferiorparietal,0.42708333333333326,-0.12309149097933272,0.35294117647058826,0.6840067668509995,Mutual + Linear-SVM,unconscious,unconscious,False,Image,False,6,3,5,6
76,01,lh-inferiorparietal,0.5416666666666666,0.07905694150420949,0.42857142857142855,0.664084915633662,Mutual + Linear-SVM,unconscious,unconscious,False,Image,False,7,3,3,5
77,01,lh-inferiorparietal,0.625,0.0,0.22222222222222224,0.6373911030937911,Mutual + Linear-SVM,unconscious,unconscious,False,Image,False,6,1,1,6
78,01,lh-inferiorparietal,0.6458333333333334,0.28721347895177635,0.5882352941176471,0.6731602427885066,Mutual + Linear-SVM,unconscious,unconscious,False,Image,False,8,5,3,4
79,01,lh-inferiorparietal,0.55,0.25064020591380154,0.4444444444444445,0.6549964550891147,Mutual + Linear-SVM,unconscious,unconscious,False,Image,False,10,2,3,2
80,01,lh-inferiorparietal,0.3409090909090909,-0.13740858372430334,0.380952380952381,0.714526882503727,Mutual + Linear-SVM,unconscious,unconscious,False,Image,False,6,4,7,6
81,01,lh-inferiorparietal,0.41666666666666663,-0.12309149097933272,0.35294117647058826,0.6890394950465744,Mutual + Linear-SVM,unconscious,unconscious,False,Image,False,6,3,5,6
82,01,lh-inferiorparietal,0.3833333333333333,-0.09128709291752769,0.3076923076923077,0.6645289508889125,Mutual + Linear-SVM,unconscious,unconscious,False,Image,False,6,2,3,6
83,01,lh-inferiorparietal,0.3833333333333333,-0.24688535993934707,0.26666666666666666,0.6620991180457982,Mutual + Linear-SVM,unconscious,unconscious,False,Image,False,4,2,3,8
84,01,lh-inferiorparietal,0.2916666666666667,-0.3651483716701107,0.28571428571428564,0.7163322830053773,Mutual + Linear-SVM,unconscious,unconscious,False,Image,False,4,3,7,8
85,01,lh-inferiorparietal,0.4027777777777778,-0.15811388300841897,0.28571428571428575,0.6726271450320755,Mutual + Linear-SVM,unconscious,unconscious,False,Image,False,6,2,4,6
86,01,lh-inferiorparietal,0.47916666666666663,0.08206099398622181,0.47058823529411764,0.684385922828872,Mutual + Linear-SVM,unconscious,unconscious,False,Image,False,7,4,4,5
87,01,lh-inferiorparietal,0.5833333333333333,0.07273929674533079,0.36363636363636365,0.649263580201614,Mutual + Linear-SVM,unconscious,unconscious,False,Image,False,7,2,2,5
88,01,lh-inferiorparietal,0.41666666666666663,-0.05504818825631803,0.4210526315789474,0.6901901559108302,Mutual + Linear-SVM,unconscious,unconscious,False,Image,False,6,4,5,6
89,01,lh-inferiorparietal,0.5833333333333333,0.2041241452319315,0.5555555555555556,0.6747214898848463,Mutual + Linear-SVM,unconscious,unconscious,False,Image,False,7,5,3,5
90,01,lh-inferiorparietal,0.5625,-0.14907119849998599,0.2,0.6515704635043642,Mutual + Linear-SVM,unconscious,unconscious,False,Image,False,7,1,3,5
91,01,lh-inferiorparietal,0.26666666666666666,-0.27774602993176545,0.16666666666666666,0.6729362177489457,Mutual + Linear-SVM,unconscious,unconscious,False,Image,False,6,1,4,6
92,01,lh-inferiorparietal,0.6904761904761905,0.2326210525996177,0.5333333333333333,0.6623348440224406,Mutual + Linear-SVM,unconscious,unconscious,False,Image,False,8,4,3,4
93,01,lh-inferiorparietal,0.14285714285714285,-0.5865557254410011,0.11764705882352941,0.7120977236149271,Mutual + Linear-SVM,unconscious,unconscious,False,Image,False,3,1,6,9
94,01,lh-inferiorparietal,0.3484848484848485,-0.13740858372430334,0.380952380952381,0.705199737913534,Mutual + Linear-SVM,unconscious,unconscious,False,Image,False,6,4,7,6
95,01,lh-inferiorparietal,0.2638888888888889,-0.2357022603955158,0.26666666666666666,0.6900352098661922,Mutual + Linear-SVM,unconscious,unconscious,False,Image,False,5,2,4,7
96,01,lh-inferiorparietal,0.35000000000000003,-0.24688535993934707,0.26666666666666666,0.6722706464143204,Mutual + Linear-SVM,unconscious,unconscious,False,Image,False,4,2,3,8
97,01,lh-inferiorparietal,0.71875,0.17541160386140586,0.28571428571428575,0.6190620379410635,Mutual + Linear-SVM,unconscious,unconscious,False,Image,False,12,1,1,4
98,01,lh-inferiorparietal,0.5390625,0.05913123959890826,0.4210526315789474,0.6619697792634345,Mutual + Linear-SVM,unconscious,unconscious,False,Image,False,9,4,4,7
99,01,lh-inferiorparietal,0.5576923076923077,0.16346153846153846,0.5384615384615384,0.6889599932747386,Mutual + Linear-SVM,unconscious,unconscious,False,Image,False,10,7,6,6
100,01,lh-inferiorparietal,0.6319444444444444,0.17459497553883238,0.5,0.6612829658280981,Mutual + Linear-SVM,unconscious,unconscious,False,Image,False,10,5,4,6
101,01,lh-inferiorparietal,0.1875,-0.3952847075210474,0.0,0.6301887435089628,Mutual + Linear-SVM,unconscious,unconscious,False,Image,False,6,0,2,10
102,01,lh-inferiorparietal,0.625,0.13858046563114676,0.4,0.6390247944658862,Mutual + Linear-SVM,unconscious,unconscious,False,Image,False,9,3,2,7
103,01,lh-inferiorparietal,0.4609375,-0.05976143046671968,0.33333333333333326,0.6632663156221906,Mutual + Linear-SVM,unconscious,unconscious,False,Image,False,9,3,5,7
104,01,lh-inferiorparietal,0.7875,0.31622776601683794,0.5,0.6254433840113481,Mutual + Linear-SVM,unconscious,unconscious,False,Image,False,12,3,2,4
105,01,lh-inferiorparietal,0.578125,0.05913123959890826,0.4210526315789474,0.6585717592002642,Mutual + Linear-SVM,unconscious,unconscious,False,Image,False,9,4,4,7
106,01,lh-inferiorparietal,0.625,0.17459497553883238,0.5,0.6579460989329097,Mutual + Linear-SVM,unconscious,unconscious,False,Image,False,10,5,4,6
107,01,lh-inferiorparietal,0.5446428571428572,0.18232322463624387,0.47058823529411764,0.6607775384143413,Mutual + Linear-SVM,unconscious,unconscious,False,Image,False,10,4,3,6
108,01,lh-inferiorparietal,0.47916666666666663,0.05590169943749474,0.37499999999999994,0.6489547144038184,Mutual + Linear-SVM,unconscious,unconscious,False,Image,False,9,3,3,7
109,01,lh-inferiorparietal,0.5227272727272727,0.07954545454545454,0.45454545454545453,0.6781331655591385,Mutual + Linear-SVM,unconscious,unconscious,False,Image,False,10,5,6,6
110,01,lh-inferiorparietal,0.7000000000000001,0.31622776601683794,0.5,0.6368636383055795,Mutual + Linear-SVM,unconscious,unconscious,False,Image,False,12,3,2,4
111,01,lh-inferiorparietal,0.5625,0.23814483610392007,0.5263157894736842,0.6628319094359928,Mutual + Linear-SVM,unconscious,unconscious,False,Image,False,11,5,4,5
112,01,lh-inferiorparietal,0.35416666666666663,-0.2041241452319315,0.23529411764705885,0.6540115942644668,Mutual + Linear-SVM,unconscious,unconscious,False,Image,False,7,2,4,9
113,01,lh-inferiorparietal,0.3125,-0.408248290463863,0.11764705882352942,0.6606288259382235,Mutual + Linear-SVM,unconscious,unconscious,False,Image,False,6,1,5,10
114,01,lh-inferiorparietal,0.6625000000000001,0.225,0.6,0.6829066745634966,Mutual + Linear-SVM,unconscious,unconscious,False,Image,False,10,9,6,6
115,01,lh-inferiorparietal,0.55625,0.060993754559283325,0.45454545454545453,0.6719669195763186,Mutual + Linear-SVM,unconscious,unconscious,False,Image,False,9,5,5,7
116,01,lh-inferiorparietal,0.46875,-0.15309310892394865,0.16666666666666666,0.6353526675910464,Mutual + Linear-SVM,unconscious,unconscious,False,Image,False,9,1,3,7
117,01,lh-inferiorparietal,0.375,-0.032274861218395144,0.2857142857142857,0.648630765949977,Mutual + Linear-SVM,unconscious,unconscious,False,Image,False,9,2,3,7
118,01,lh-inferiorparietal,0.35416666666666663,-0.2041241452319315,0.23529411764705885,0.6577106265656685,Mutual + Linear-SVM,unconscious,unconscious,False,Image,False,7,2,4,9
119,01,lh-inferiorparietal,0.5,-0.11952286093343936,0.36363636363636365,0.6721988933914066,Mutual + Linear-SVM,unconscious,unconscious,False,Image,False,6,4,4,10
120,01,lh-inferiorparietal,0.4708333333333333,-0.10041928905068677,0.4137931034482759,0.698822132892653,Mutual + Linear-SVM,unconscious,unconscious,False,Image,False,8,6,9,8
121,01,lh-inferiorparietal,0.34375,-0.14907119849998599,0.25,0.6577219539902437,Mutual + Linear-SVM,unconscious,unconscious,False,Image,False,8,2,4,8
122,01,lh-inferiorparietal,0.65,0.35,0.6,0.6685357078168731,Mutual + Linear-SVM,unconscious,unconscious,False,Image,False,12,6,4,4
123,01,lh-inferiorparietal,0.5625,0.3241018617760822,0.5333333333333333,0.6593058529953727,Mutual + Linear-SVM,unconscious,unconscious,False,Image,False,13,4,4,3
124,01,lh-inferiorparietal,0.5625,-0.14907119849998599,0.25,0.6472208936616527,Mutual + Linear-SVM,unconscious,unconscious,False,Image,False,8,2,4,8
125,01,lh-inferiorparietal,0.625,0.0,0.1818181818181818,0.6153454670183727,Mutual + Linear-SVM,unconscious,unconscious,False,Image,False,8,1,1,8
126,01,lh-inferiorparietal,0.6328125,0.11952286093343936,0.4444444444444445,0.6585706790279171,Mutual + Linear-SVM,unconscious,unconscious,False,Image,False,10,4,4,6
127,01,lh-inferiorparietal,0.5,0.1414213562373095,0.3636363636363636,0.6429582090812209,Mutual + Linear-SVM,unconscious,unconscious,False,Image,False,12,2,3,4
128,01,lh-inferiorparietal,0.5625,0.10616016211357263,0.4999999999999999,0.6747764674524116,Mutual + Linear-SVM,unconscious,unconscious,False,Image,False,9,6,5,7
129,01,lh-inferiorparietal,0.3984375,-0.36514837167011077,0.26086956521739135,0.6645351985446962,Mutual + Linear-SVM,unconscious,unconscious,False,Image,False,4,3,5,12
130,01,lh-inferiorparietal,0.5375,-0.032274861218395144,0.2857142857142857,0.6443502640844943,Mutual + Linear-SVM,unconscious,unconscious,False,Image,False,9,2,3,7
131,01,lh-inferiorparietal,0.575,0.021926450482675733,0.3076923076923077,0.639926763529438,Mutual + Linear-SVM,unconscious,unconscious,False,Image,False,10,2,3,6
132,01,lh-inferiorparietal,0.5,0.0,0.4347826086956522,0.6772823505582853,Mutual + Linear-SVM,unconscious,unconscious,False,Image,False,8,5,5,8
133,01,lh-inferiorparietal,0.6041666666666667,0.2608745973749754,0.5,0.6444789587519826,Mutual + Linear-SVM,unconscious,unconscious,False,Image,False,10,4,2,6
134,01,lh-inferiorparietal,0.5,0.05913123959890826,0.4210526315789474,0.666335387774223,Mutual + Linear-SVM,unconscious,unconscious,False,Image,False,9,4,4,7
135,01,lh-inferiorparietal,0.46875,0.0,0.22222222222222224,0.6363449344187334,Mutual + Linear-SVM,unconscious,unconscious,False,Image,False,12,1,3,4
136,01,lh-inferiorparietal,0.548611111111111,0.17459497553883238,0.5,0.6674926917679785,Mutual + Linear-SVM,unconscious,unconscious,False,Image,False,10,5,4,6
137,01,lh-inferiorparietal,0.6875,0.4375,0.625,0.6524526346361595,Mutual + Linear-SVM,unconscious,unconscious,False,Image,False,13,5,3,3
138,01,lh-inferiorparietal,0.609375,0.10206207261596577,0.3333333333333333,0.6332318124888185,Mutual + Linear-SVM,unconscious,unconscious,False,Image,False,10,2,2,6
139,01,lh-inferiorparietal,0.4625,-0.19364916731037085,0.23529411764705882,0.6464123385079397,Mutual + Linear-SVM,unconscious,unconscious,False,Image,False,6,2,3,10
140,01,lh-inferiorparietal,0.6964285714285714,0.24412019826678427,0.5,0.644678761346767,Mutual + Linear-SVM,unconscious,unconscious,False,Image,False,11,4,3,5
141,01,lh-inferiorparietal,0.25,-0.5016881674068239,0.10526315789473685,0.6766539604135567,Mutual + Linear-SVM,unconscious,unconscious,False,Image,False,5,1,6,11
142,01,lh-inferiorparietal,0.5454545454545454,0.016854996561581053,0.43478260869565216,0.6759769708480291,Mutual + Linear-SVM,unconscious,unconscious,False,Image,False,9,5,6,7
143,01,lh-inferiorparietal,0.5104166666666666,0.05590169943749474,0.37499999999999994,0.6487314789972918,Mutual + Linear-SVM,unconscious,unconscious,False,Image,False,9,3,3,7
144,01,lh-inferiorparietal,0.41250000000000003,-0.31622776601683794,0.21052631578947364,0.6475893860022355,Mutual + Linear-SVM,unconscious,unconscious,False,Image,False,4,2,3,12
145,01,lh-inferiorparietal,0.8,0.227866357593825,0.3333333333333333,0.614314199282461,Mutual + Linear-SVM,unconscious,unconscious,False,Image,False,12,1,1,3
146,01,lh-inferiorparietal,0.33333333333333337,-0.3337119062359573,0.2105263157894737,0.6709755356253568,Mutual + Linear-SVM,unconscious,unconscious,False,Image,False,6,2,6,9
147,01,lh-inferiorparietal,0.5948717948717949,0.28205128205128205,0.6153846153846154,0.6827293453007164,Mutual + Linear-SVM,unconscious,unconscious,False,Image,False,10,8,5,5
148,01,lh-inferiorparietal,0.6962962962962963,0.28888888888888886,0.5555555555555556,0.6599201019150167,Mutual + Linear-SVM,unconscious,unconscious,False,Image,False,11,5,4,4
149,01,lh-inferiorparietal,0.1333333333333333,-0.565685424949238,0.0,0.6217547824688747,Mutual + Linear-SVM,unconscious,unconscious,False,Image,False,3,0,2,12
150,01,lh-inferiorparietal,0.72,0.4666666666666667,0.6,0.6370793179727183,Mutual + Linear-SVM,unconscious,unconscious,False,Image,False,13,3,2,2
151,01,lh-inferiorparietal,0.6,0.23333333333333334,0.5,0.660510829133429,Mutual + Linear-SVM,unconscious,unconscious,False,Image,False,11,4,4,4
152,01,lh-inferiorparietal,0.7333333333333334,0.37796447300922725,0.5454545454545454,0.6304211064197963,Mutual + Linear-SVM,unconscious,unconscious,False,Image,False,12,3,2,3
153,01,lh-inferiorparietal,0.5916666666666666,-0.03178208630818641,0.4,0.6541332928622903,Mutual + Linear-SVM,unconscious,unconscious,False,Image,False,7,4,4,8
154,01,lh-inferiorparietal,0.6,0.021591675854376522,0.4545454545454546,0.6622834593013532,Mutual + Linear-SVM,unconscious,unconscious,False,Image,False,7,5,4,8
155,01,lh-inferiorparietal,0.4476190476190476,-0.23162640965743445,0.23529411764705882,0.6599670603773962,Mutual + Linear-SVM,unconscious,unconscious,False,Image,False,7,2,5,8
156,01,lh-inferiorparietal,0.45555555555555555,-0.18090680674665818,0.25,0.6528437587474423,Mutual + Linear-SVM,unconscious,unconscious,False,Image,False,7,2,4,8
157,01,lh-inferiorparietal,0.6,0.3003124875651863,0.6086956521739131,0.678987046045049,Mutual + Linear-SVM,unconscious,unconscious,False,Image,False,10,7,4,5
158,01,lh-inferiorparietal,0.7466666666666667,0.4666666666666667,0.6,0.6388622082963591,Mutual + Linear-SVM,unconscious,unconscious,False,Image,False,13,3,2,2
159,01,lh-inferiorparietal,0.5185185185185185,-0.021591675854376522,0.39999999999999997,0.6688857887139797,Mutual + Linear-SVM,unconscious,unconscious,False,Image,False,8,4,5,7
160,01,lh-inferiorparietal,0.4555555555555556,-0.18090680674665818,0.25,0.6521567377676118,Mutual + Linear-SVM,unconscious,unconscious,False,Image,False,7,2,4,8
161,01,lh-inferiorparietal,0.4111111111111111,0.03015113445777636,0.37499999999999994,0.6588842114642176,Mutual + Linear-SVM,unconscious,unconscious,False,Image,False,8,3,3,7
162,01,lh-inferiorparietal,0.6222222222222222,0.1336306209562122,0.5517241379310344,0.6901545212934516,Mutual + Linear-SVM,unconscious,unconscious,False,Image,False,9,8,7,6
163,01,lh-inferiorparietal,0.6066666666666667,0.03268602252303067,0.45454545454545453,0.6713213770972303,Mutual + Linear-SVM,unconscious,unconscious,False,Image,False,8,5,5,7
164,01,lh-inferiorparietal,0.4166666666666667,-0.2857738033247041,0.14285714285714288,0.6377578908616752,Mutual + Linear-SVM,unconscious,unconscious,False,Image,False,6,1,3,9
165,01,lh-inferiorparietal,0.33333333333333337,-0.34641016151377546,0.13333333333333333,0.6466217613796449,Mutual + Linear-SVM,unconscious,unconscious,False,Image,False,6,1,4,9
166,01,lh-inferiorparietal,0.5222222222222221,0.09128709291752768,0.4,0.6504482404228491,Mutual + Linear-SVM,unconscious,unconscious,False,Image,False,9,3,3,6
167,01,lh-inferiorparietal,0.5083333333333333,0.09607689228305229,0.4444444444444445,0.6665987328809725,Mutual + Linear-SVM,unconscious,unconscious,False,Image,False,9,4,4,6
168,01,lh-inferiorparietal,0.4622222222222222,-0.1336306209562122,0.4137931034482759,0.7025565816344689,Mutual + Linear-SVM,unconscious,unconscious,False,Image,False,7,6,9,8
169,01,lh-inferiorparietal,0.6222222222222222,-0.03015113445777636,0.3529411764705882,0.6460080645894929,Mutual + Linear-SVM,unconscious,unconscious,False,Image,False,7,3,3,8
170,01,lh-inferiorparietal,0.5533333333333332,0.03268602252303067,0.45454545454545453,0.6733795638535223,Mutual + Linear-SVM,unconscious,unconscious,False,Image,False,8,5,5,7
171,01,lh-inferiorparietal,0.5666666666666667,0.23333333333333334,0.5,0.6578414986440865,Mutual + Linear-SVM,unconscious,unconscious,False,Image,False,11,4,4,4
172,01,lh-inferiorparietal,0.7111111111111111,0.3042903097250923,0.5333333333333333,0.6492607831221703,Mutual + Linear-SVM,unconscious,unconscious,False,Image,False,10,4,2,5
173,01,lh-inferiorparietal,0.6666666666666667,0.02151657414559676,0.2,0.6127460470071039,Mutual + Linear-SVM,unconscious,unconscious,False,Image,False,8,1,1,7
174,01,lh-inferiorparietal,0.6833333333333333,0.23333333333333334,0.5,0.6590335154792227,Mutual + Linear-SVM,unconscious,unconscious,False,Image,False,11,4,4,4
175,01,lh-inferiorparietal,0.5333333333333334,-0.058025885318565944,0.2857142857142857,0.6434291960497182,Mutual + Linear-SVM,unconscious,unconscious,False,Image,False,8,2,3,7
176,01,lh-inferiorparietal,0.44242424242424244,-0.2606060606060606,0.2727272727272727,0.6903281359136835,Mutual + Linear-SVM,unconscious,unconscious,False,Image,False,7,3,8,8
177,01,lh-inferiorparietal,0.5083333333333334,0.03178208630818641,0.4210526315789474,0.6690224513499916,Mutual + Linear-SVM,unconscious,unconscious,False,Image,False,8,4,4,7
178,01,lh-inferiorparietal,0.48,-0.058025885318565944,0.2857142857142857,0.6441898480848685,Mutual + Linear-SVM,unconscious,unconscious,False,Image,False,8,2,3,7
179,01,lh-inferiorparietal,0.5866666666666667,-0.11547005383792516,0.26666666666666666,0.6404403434879734,Mutual + Linear-SVM,unconscious,unconscious,False,Image,False,7,2,3,8
180,01,lh-inferiorparietal,0.4266666666666667,-0.13074409009212268,0.3636363636363636,0.6834523869195824,Mutual + Linear-SVM,unconscious,unconscious,False,Image,False,7,4,6,8
181,01,lh-inferiorparietal,0.5222222222222224,-0.03015113445777636,0.3529411764705882,0.6489825414919271,Mutual + Linear-SVM,unconscious,unconscious,False,Image,False,7,3,3,8
182,01,lh-inferiorparietal,0.4916666666666666,-0.02439750182371333,0.35294117647058826,0.6662876552983296,Mutual + Linear-SVM,unconscious,unconscious,False,Image,False,9,3,5,6
183,01,lh-inferiorparietal,0.6333333333333333,-0.14085904245475275,0.25,0.6275533504604662,Mutual + Linear-SVM,unconscious,unconscious,False,Image,False,5,2,2,10
184,01,lh-inferiorparietal,0.4740740740740741,-0.021591675854376522,0.39999999999999997,0.6691613256700449,Mutual + Linear-SVM,unconscious,unconscious,False,Image,False,8,4,5,7
185,01,lh-inferiorparietal,0.7166666666666667,0.349697526139891,0.5882352941176471,0.6417096230558024,Mutual + Linear-SVM,unconscious,unconscious,False,Image,False,11,5,3,4
186,01,lh-inferiorparietal,0.7,0.14085904245475275,0.36363636363636365,0.6319463231867989,Mutual + Linear-SVM,unconscious,unconscious,False,Image,False,10,2,2,5
187,01,lh-inferiorparietal,0.38666666666666666,-0.4061811972299616,0.12500000000000003,0.6481916959525189,Mutual + Linear-SVM,unconscious,unconscious,False,Image,False,5,1,4,10
188,01,lh-inferiorparietal,0.7142857142857142,0.2255549841503195,0.5,0.6492107908315897,Mutual + Linear-SVM,unconscious,unconscious,False,Image,False,10,4,3,5
189,01,lh-inferiorparietal,0.29523809523809524,-0.3563483225498992,0.2105263157894737,0.6805040708673481,Mutual + Linear-SVM,unconscious,unconscious,False,Image,False,5,2,5,10
190,01,lh-inferiorparietal,0.5393939393939394,-0.012012499502607453,0.43478260869565216,0.6802523835073065,Mutual + Linear-SVM,unconscious,unconscious,False,Image,False,8,5,6,7
191,01,lh-inferiorparietal,0.43333333333333335,0.06666666666666667,0.3333333333333333,0.659527455218808,Mutual + Linear-SVM,unconscious,unconscious,False,Image,False,11,2,4,4
192,01,lh-inferiorparietal,0.56,-0.058025885318565944,0.2857142857142857,0.6427487047605491,Mutual + Linear-SVM,unconscious,unconscious,False,Image,False,8,2,3,7
193,01,lh-inferiorparietal,0.3571428571428571,-0.3779644730092272,0.0,0.6396083377998709,Mutual + Linear-SVM,unconscious,unconscious,False,Image,False,6,0,2,8
194,01,lh-inferiorparietal,0.34821428571428575,-0.12076147288491199,0.33333333333333326,0.6894376770960398,Mutual + Linear-SVM,unconscious,unconscious,False,Image,False,7,3,5,7
195,01,lh-inferiorparietal,0.39560439560439564,-0.038461538461538464,0.46153846153846156,0.7107961390299712,Mutual + Linear-SVM,unconscious,unconscious,False,Image,False,7,6,7,7
196,01,lh-inferiorparietal,0.5317460317460317,-0.054278245606577465,0.39999999999999997,0.6754655580205976,Mutual + Linear-SVM,unconscious,unconscious,False,Image,False,7,4,5,7
197,01,lh-inferiorparietal,0.21428571428571425,-0.42857142857142855,0.0,0.6459300278649477,Mutual + Linear-SVM,unconscious,unconscious,False,Image,False,5,0,2,9
198,01,lh-inferiorparietal,0.6714285714285715,0.21660005636099086,0.4615384615384615,0.6533108014846247,Mutual + Linear-SVM,unconscious,unconscious,False,Image,False,9,3,2,5
199,01,lh-inferiorparietal,0.3571428571428571,-0.3105295017040594,0.22222222222222224,0.6872880281511979,Mutual + Linear-SVM,unconscious,unconscious,False,Image,False,6,2,6,8
200,01,lh-inferiorparietal,0.6142857142857143,-0.025482359571881278,0.3076923076923077,0.6530832561445783,Mutual + Linear-SVM,unconscious,unconscious,False,Image,False,8,2,3,6
201,01,lh-inferiorparietal,0.5089285714285714,-0.052414241836095915,0.35294117647058826,0.6758491165941494,Mutual + Linear-SVM,unconscious,unconscious,False,Image,False,8,3,5,6
202,01,lh-inferiorparietal,0.46825396825396826,-0.1640825308284734,0.3157894736842105,0.6836212041294406,Mutual + Linear-SVM,unconscious,unconscious,False,Image,False,7,3,6,7
203,01,lh-inferiorparietal,0.35714285714285715,-0.26967994498529685,0.23529411764705882,0.6897205465235554,Mutual + Linear-SVM,unconscious,unconscious,False,Image,False,6,2,5,8
204,01,lh-inferiorparietal,0.30952380952380953,-0.5044296328024895,0.11764705882352942,0.6869246300008391,Mutual + Linear-SVM,unconscious,unconscious,False,Image,False,4,1,5,10
205,01,lh-inferiorparietal,0.27922077922077926,-0.2987012987012987,0.2727272727272727,0.7151072902080198,Mutual + Linear-SVM,unconscious,unconscious,False,Image,False,6,3,8,8
206,01,lh-inferiorparietal,0.5857142857142857,0.28690229202651557,0.5,0.6557485678884881,Mutual + Linear-SVM,unconscious,unconscious,False,Image,False,10,3,2,4
207,01,lh-inferiorparietal,0.4523809523809524,-0.054278245606577465,0.39999999999999997,0.6806738038307737,Mutual + Linear-SVM,unconscious,unconscious,False,Image,False,7,4,5,7
208,01,lh-inferiorparietal,0.15476190476190474,-0.4364357804719848,0.125,0.7054537700210171,Mutual + Linear-SVM,unconscious,unconscious,False,Image,False,5,1,5,9
209,01,lh-inferiorparietal,0.27380952380952384,-0.5044296328024895,0.11764705882352942,0.6812287466557629,Mutual + Linear-SVM,unconscious,unconscious,False,Image,False,4,1,5,10
210,01,lh-inferiorparietal,0.49523809523809526,0.03333333333333333,0.5333333333333333,0.7041474811379446,Mutual + Linear-SVM,unconscious,unconscious,False,Image,False,7,8,7,7
211,01,lh-inferiorparietal,0.4,-0.1690308509457033,0.3636363636363636,0.6965292838865603,Mutual + Linear-SVM,unconscious,unconscious,False,Image,False,6,4,6,8
212,01,lh-inferiorparietal,0.35714285714285715,-0.2672612419124244,0.15384615384615383,0.6565519192091037,Mutual + Linear-SVM,unconscious,unconscious,False,Image,False,6,1,3,8
213,01,lh-inferiorparietal,0.14285714285714285,-0.5346815442312336,0.11764705882352941,0.7117371905321958,Mutual + Linear-SVM,unconscious,unconscious,False,Image,False,3,1,4,11
214,01,lh-inferiorparietal,0.1785714285714286,-0.5044296328024895,0.11764705882352942,0.6926963916026617,Mutual + Linear-SVM,unconscious,unconscious,False,Image,False,4,1,5,10
215,01,lh-inferiorparietal,0.3392857142857142,-0.18898223650461363,0.3157894736842105,0.7016372302685884,Mutual + Linear-SVM,unconscious,unconscious,False,Image,False,6,3,5,8
216,01,lh-inferiorparietal,0.3666666666666667,-0.23923718823467274,0.3571428571428571,0.7149763557650249,Mutual + Linear-SVM,unconscious,unconscious,False,Image,False,6,5,10,8
217,01,lh-inferiorparietal,0.3333333333333333,-0.37283929381053577,0.13333333333333333,0.6866085359708505,Mutual + Linear-SVM,unconscious,unconscious,False,Image,False,6,1,5,8
218,01,lh-inferiorparietal,0.44285714285714284,-0.26856632724128343,0.28571428571428564,0.6892090611981491,Mutual + Linear-SVM,unconscious,unconscious,False,Image,False,6,3,7,8
219,01,lh-inferiorparietal,0.4464285714285714,-0.052414241836095915,0.35294117647058826,0.6812094324594826,Mutual + Linear-SVM,unconscious,unconscious,False,Image,False,8,3,5,6
220,01,lh-inferiorparietal,0.6309523809523809,0.0657951694959769,0.4,0.654019916001076,Mutual + Linear-SVM,unconscious,unconscious,False,Image,False,8,3,3,6
221,01,lh-inferiorparietal,0.5,-0.2182178902359924,0.14285714285714285,0.6500836290580998,Mutual + Linear-SVM,unconscious,unconscious,False,Image,False,3,1,1,11
222,01,lh-inferiorparietal,0.625,0.13977131156292244,0.47058823529411764,0.6630970258171716,Mutual + Linear-SVM,unconscious,unconscious,False,Image,False,9,4,4,5
223,01,lh-inferiorparietal,0.5,-0.025482359571881278,0.3076923076923077,0.6551652812526892,Mutual + Linear-SVM,unconscious,unconscious,False,Image,False,8,2,3,6
224,01,lh-inferiorparietal,0.41558441558441556,-0.20645590963700367,0.34782608695652173,0.7012496469933096,Mutual + Linear-SVM,unconscious,unconscious,False,Image,False,6,4,7,8
225,01,lh-inferiorparietal,0.3482142857142857,-0.18898223650461363,0.3157894736842105,0.6965668147494845,Mutual + Linear-SVM,unconscious,unconscious,False,Image,False,6,3,5,8
226,01,lh-inferiorparietal,0.24285714285714288,-0.458682472293863,0.12500000000000003,0.6646571749665648,Mutual + Linear-SVM,unconscious,unconscious,False,Image,False,4,1,4,10
227,01,lh-inferiorparietal,0.4,-0.3905632887762015,0.13333333333333333,0.6580437918881024,Mutual + Linear-SVM,unconscious,unconscious,False,Image,False,5,1,4,9
228,01,lh-inferiorparietal,0.3214285714285714,-0.37142857142857144,0.20000000000000004,0.6981661267272695,Mutual + Linear-SVM,unconscious,unconscious,False,Image,False,6,2,8,8
229,01,lh-inferiorparietal,0.36904761904761907,-0.2182178902359924,0.25,0.6758850972807562,Mutual + Linear-SVM,unconscious,unconscious,False,Image,False,6,2,4,8
230,01,lh-inferiorparietal,0.44642857142857145,0.06900655593423542,0.4444444444444445,0.6741628376757494,Mutual + Linear-SVM,unconscious,unconscious,False,Image,False,8,4,4,6
231,01,lh-inferiorparietal,0.46428571428571425,0.03571428571428571,0.25,0.653474228013641,Mutual + Linear-SVM,unconscious,unconscious,False,Image,False,11,1,3,3
232,01,lh-inferiorparietal,0.373015873015873,-0.2326210525996177,0.3,0.6926445051582372,Mutual + Linear-SVM,unconscious,unconscious,False,Image,False,6,3,6,8
233,01,lh-inferiorparietal,0.5892857142857143,0.017857142857142856,0.375,0.6658170656433212,Mutual + Linear-SVM,unconscious,unconscious,False,Image,False,9,3,5,5
234,01,lh-inferiorparietal,0.5892857142857142,0.12182898077463453,0.36363636363636365,0.6470169977110005,Mutual + Linear-SVM,unconscious,unconscious,False,Image,False,9,2,2,5
235,01,lh-inferiorparietal,0.2571428571428571,-0.3905632887762015,0.13333333333333333,0.6755135798696579,Mutual + Linear-SVM,unconscious,unconscious,False,Image,False,5,1,4,9
236,01,lh-inferiorparietal,0.6020408163265305,0.06933752452815364,0.39999999999999997,0.6612425111706786,Mutual + Linear-SVM,unconscious,unconscious,False,Image,False,9,3,4,5
237,01,lh-inferiorparietal,0.21428571428571425,-0.337099931231621,0.2222222222222222,0.7145821839196103,Mutual + Linear-SVM,unconscious,unconscious,False,Image,False,5,2,5,9
238,01,lh-inferiorparietal,0.4025974025974026,-0.20645590963700367,0.34782608695652173,0.7018562671795818,Mutual + Linear-SVM,unconscious,unconscious,False,Image,False,6,4,7,8
239,01,lh-inferiorparietal,0.2976190476190476,-0.3563483225498992,0.2222222222222222,0.6856059982326992,Mutual + Linear-SVM,unconscious,unconscious,False,Image,False,4,2,4,10
240,01,lh-inferiorparietal,0.37142857142857144,-0.15118578920369088,0.26666666666666666,0.6643730439462466,Mutual + Linear-SVM,unconscious,unconscious,False,Image,False,6,2,3,8
241,01,lh-inferiorparietal,0.65,0.07559289460184544,0.28571428571428575,0.6278719612287175,Mutual + Linear-SVM,unconscious,unconscious,False,Image,False,6,1,1,4
242,01,lh-inferiorparietal,0.13749999999999998,-0.575,0.125,0.708698970701587,Mutual + Linear-SVM,unconscious,unconscious,False,Image,False,3,1,7,7
243,01,lh-inferiorparietal,0.3384615384615385,-0.11538461538461539,0.4347826086956522,0.7355084501946011,Mutual + Linear-SVM,unconscious,unconscious,False,Image,False,5,5,8,5
244,01,lh-inferiorparietal,0.45555555555555555,-0.1685499656158105,0.35294117647058826,0.6969493883761981,Mutual + Linear-SVM,unconscious,unconscious,False,Image,False,5,3,6,5
245,01,lh-inferiorparietal,0.09999999999999998,-0.5291502622129182,0.0,0.6541998359013165,Mutual + Linear-SVM,unconscious,unconscious,False,Image,False,3,0,2,7
246,01,lh-inferiorparietal,0.56,0.0,0.3636363636363636,0.6628780423487345,Mutual + Linear-SVM,unconscious,unconscious,False,Image,False,6,2,3,4
247,01,lh-inferiorparietal,0.3375,-0.22360679774997896,0.35294117647058826,0.6970074315246588,Mutual + Linear-SVM,unconscious,unconscious,False,Image,False,4,3,5,6
248,01,lh-inferiorparietal,0.42000000000000004,0.0,0.3636363636363636,0.6663482567904246,Mutual + Linear-SVM,unconscious,unconscious,False,Image,False,6,2,3,4
249,01,lh-inferiorparietal,0.3875,-0.2548235957188128,0.26666666666666666,0.6933159429394545,Mutual + Linear-SVM,unconscious,unconscious,False,Image,False,5,2,6,5
250,01,lh-inferiorparietal,0.36666666666666664,-0.06900655593423542,0.375,0.6989663672885373,Mutual + Linear-SVM,unconscious,unconscious,False,Image,False,6,3,6,4
251,01,lh-inferiorparietal,0.37142857142857144,-0.3098898934004561,0.26666666666666666,0.6981261823045058,Mutual + Linear-SVM,unconscious,unconscious,False,Image,False,4,2,5,6
252,01,lh-inferiorparietal,0.2666666666666666,-0.5163977794943222,0.14285714285714288,0.6804996196717453,Mutual + Linear-SVM,unconscious,unconscious,False,Image,False,3,1,5,7
253,01,lh-inferiorparietal,0.35454545454545455,-0.13762047064079508,0.39999999999999997,0.7189627388439354,Mutual + Linear-SVM,unconscious,unconscious,False,Image,False,5,4,7,5
254,01,lh-inferiorparietal,0.6,0.28867513459481287,0.5454545454545454,0.6623141520401636,Mutual + Linear-SVM,unconscious,unconscious,False,Image,False,7,3,2,3
255,01,lh-inferiorparietal,0.4666666666666667,-0.05555555555555555,0.4444444444444444,0.6960373922102925,Mutual + Linear-SVM,unconscious,unconscious,False,Image,False,5,4,5,5
256,01,lh-inferiorparietal,0.14999999999999997,-0.5163977794943222,0.14285714285714288,0.7008280909620712,Mutual + Linear-SVM,unconscious,unconscious,False,Image,False,3,1,5,7
257,01,lh-inferiorparietal,0.16666666666666663,-0.5163977794943222,0.14285714285714288,0.7014900762457406,Mutual + Linear-SVM,unconscious,unconscious,False,Image,False,3,1,5,7
258,01,lh-inferiorparietal,0.54,0.13074409009212268,0.5925925925925926,0.7192557717285537,Mutual + Linear-SVM,unconscious,unconscious,False,Image,False,6,8,7,4
259,01,lh-inferiorparietal,0.43999999999999995,-0.10050378152592121,0.4210526315789474,0.7064661997330244,Mutual + Linear-SVM,unconscious,unconscious,False,Image,False,5,4,6,5
260,01,lh-inferiorparietal,0.30000000000000004,-0.31622776601683794,0.18181818181818182,0.6575718901322317,Mutual + Linear-SVM,unconscious,unconscious,False,Image,False,4,1,3,6
261,01,lh-inferiorparietal,0.09999999999999998,-0.6614378277661477,0.0,0.6751556250734682,Mutual + Linear-SVM,unconscious,unconscious,False,Image,False,3,0,5,7
262,01,lh-inferiorparietal,0.3333333333333333,-0.16265001215808886,0.30769230769230765,0.6812674106830038,Mutual + Linear-SVM,unconscious,unconscious,False,Image,False,5,2,4,5
263,01,lh-inferiorparietal,0.39999999999999997,-0.22360679774997896,0.35294117647058826,0.7125452436543196,Mutual + Linear-SVM,unconscious,unconscious,False,Image,False,4,3,5,6
264,01,lh-inferiorparietal,0.25333333333333335,-0.4276686017238498,0.30769230769230765,0.74414336032519,Mutual + Linear-SVM,unconscious,unconscious,False,Image,False,3,4,11,7
265,01,lh-inferiorparietal,0.18333333333333332,-0.5163977794943222,0.14285714285714288,0.6823306664005302,Mutual + Linear-SVM,unconscious,unconscious,False,Image,False,3,1,5,7
266,01,lh-inferiorparietal,0.46,0.0,0.4444444444444445,0.6998391542705733,Mutual + Linear-SVM,unconscious,unconscious,False,Image,False,6,4,6,4
267,01,lh-inferiorparietal,0.325,0.0,0.47058823529411764,0.7014839981649849,Mutual + Linear-SVM,unconscious,unconscious,False,Image,False,5,4,4,5
268,01,lh-inferiorparietal,0.4666666666666667,0.09759000729485331,0.4615384615384615,0.6739317100685478,Mutual + Linear-SVM,unconscious,unconscious,False,Image,False,6,3,3,4
269,01,lh-inferiorparietal,0.6,0.0,0.25,0.6337851631684485,Mutual + Linear-SVM,unconscious,unconscious,False,Image,False,5,1,1,5
270,01,lh-inferiorparietal,0.5125,0.22360679774997896,0.5882352941176471,0.6848068331619783,Mutual + Linear-SVM,unconscious,unconscious,False,Image,False,6,5,3,4
271,01,lh-inferiorparietal,0.42,0.0,0.3636363636363636,0.674025890479742,Mutual + Linear-SVM,unconscious,unconscious,False,Image,False,6,2,3,4
272,01,lh-inferiorparietal,0.36363636363636365,-0.13762047064079508,0.39999999999999997,0.714960344069289,Mutual + Linear-SVM,unconscious,unconscious,False,Image,False,5,4,7,5
273,01,lh-inferiorparietal,0.35,-0.125,0.375,0.7086307902038472,Mutual + Linear-SVM,unconscious,unconscious,False,Image,False,5,3,5,5
274,01,lh-inferiorparietal,0.32000000000000006,-0.28867513459481287,0.1818181818181818,0.6670344345067224,Mutual + Linear-SVM,unconscious,unconscious,False,Image,False,5,1,4,5
275,01,lh-inferiorparietal,0.46,-0.28867513459481287,0.1818181818181818,0.6639718290943435,Mutual + Linear-SVM,unconscious,unconscious,False,Image,False,5,1,4,5
276,01,lh-inferiorparietal,0.23,-0.408248290463863,0.22222222222222224,0.7228648599126695,Mutual + Linear-SVM,unconscious,unconscious,False,Image,False,4,2,8,6
277,01,lh-inferiorparietal,0.31666666666666665,-0.2581988897471611,0.28571428571428575,0.6822227818280122,Mutual + Linear-SVM,unconscious,unconscious,False,Image,False,4,2,4,6
278,01,lh-inferiorparietal,0.3875,-0.22360679774997896,0.35294117647058826,0.6916208859735515,Mutual + Linear-SVM,unconscious,unconscious,False,Image,False,4,3,5,6
279,01,lh-inferiorparietal,0.4750000000000001,0.0,0.36363636363636365,0.6566871063228737,Mutual + Linear-SVM,unconscious,unconscious,False,Image,False,5,2,2,5
280,01,lh-inferiorparietal,0.4222222222222222,-0.26666666666666666,0.3333333333333333,0.6978002044907509,Mutual + Linear-SVM,unconscious,unconscious,False,Image,False,4,3,6,6
281,01,lh-inferiorparietal,0.55,0.1,0.5,0.6865110663484202,Mutual + Linear-SVM,unconscious,unconscious,False,Image,False,6,4,4,4
282,01,lh-inferiorparietal,0.525,-0.22821773229381923,0.2,0.6568714820959951,Mutual + Linear-SVM,unconscious,unconscious,False,Image,False,5,1,3,5
283,01,lh-inferiorparietal,0.24,-0.472455591261534,0.15384615384615385,0.6801893155876473,Mutual + Linear-SVM,unconscious,unconscious,False,Image,False,3,1,4,7
284,01,lh-inferiorparietal,0.5714285714285714,0.02857142857142857,0.42857142857142855,0.677977479744578,Mutual + Linear-SVM,unconscious,unconscious,False,Image,False,6,3,4,4
285,01,lh-inferiorparietal,0.19999999999999998,-0.45714285714285713,0.14285714285714285,0.7351184566218215,Mutual + Linear-SVM,unconscious,unconscious,False,Image,False,4,1,6,6
286,01,lh-inferiorparietal,0.4636363636363636,-0.13762047064079508,0.39999999999999997,0.7082442690251425,Mutual + Linear-SVM,unconscious,unconscious,False,Image,False,5,4,7,5
287,01,lh-inferiorparietal,0.23333333333333334,-0.5163977794943222,0.14285714285714288,0.7084436474588716,Mutual + Linear-SVM,unconscious,unconscious,False,Image,False,3,1,5,7
288,01,lh-inferiorparietal,0.33999999999999997,-0.28867513459481287,0.1818181818181818,0.6709407114338058,Mutual + Linear-SVM,unconscious,unconscious,False,Image,False,5,1,4,5
289,01,lh-inferiorparietal,1.0,0.6123724356957946,0.6666666666666666,0.6689829802111575,Mutual + Linear-SVM,unconscious,unconscious,False,Image,False,3,1,1,0
290,01,lh-inferiorparietal,0.125,-0.5416666666666666,0.18181818181818182,0.7852922469566853,Mutual + Linear-SVM,unconscious,unconscious,False,Image,False,1,1,7,2
291,01,lh-inferiorparietal,0.25641025641025644,-0.021591675854376522,0.4444444444444444,0.8065201232841255,Mutual + Linear-SVM,unconscious,unconscious,False,Image,False,2,4,9,1
292,01,lh-inferiorparietal,0.6666666666666667,0.19245008972987526,0.6666666666666667,0.7496910325838991,Mutual + Linear-SVM,unconscious,unconscious,False,Image,False,2,5,4,1
293,01,lh-inferiorparietal,0.0,-0.6666666666666666,0.0,0.7033741826173079,Mutual + Linear-SVM,unconscious,unconscious,False,Image,False,1,0,2,2
294,01,lh-inferiorparietal,0.7333333333333334,0.6,0.7499999999999999,0.7150169479086346,Mutual + Linear-SVM,unconscious,unconscious,False,Image,False,3,3,2,0
295,01,lh-inferiorparietal,0.2916666666666667,-0.08333333333333333,0.36363636363636365,0.7638867669724774,Mutual + Linear-SVM,unconscious,unconscious,False,Image,False,2,2,6,1
296,01,lh-inferiorparietal,0.7333333333333334,0.2581988897471611,0.6666666666666665,0.7134627994654431,Mutual + Linear-SVM,unconscious,unconscious,False,Image,False,2,3,2,1
297,01,lh-inferiorparietal,0.49999999999999994,0.14907119849998599,0.6153846153846154,0.7462366089880529,Mutual + Linear-SVM,unconscious,unconscious,False,Image,False,2,4,4,1
298,01,lh-inferiorparietal,0.40740740740740744,0.0,0.46153846153846156,0.7585428098246189,Mutual + Linear-SVM,unconscious,unconscious,False,Image,False,2,3,6,1
299,01,lh-inferiorparietal,0.5238095238095238,0.0890870806374748,0.5454545454545454,0.7541161312639326,Mutual + Linear-SVM,unconscious,unconscious,False,Image,False,2,3,4,1
300,01,lh-inferiorparietal,0.3888888888888889,0.0,0.4444444444444444,0.759515121662477,Mutual + Linear-SVM,unconscious,unconscious,False,Image,False,2,2,4,1
301,01,lh-inferiorparietal,0.36363636363636365,0.10050378152592121,0.5882352941176471,0.778237290119297,Mutual + Linear-SVM,unconscious,unconscious,False,Image,False,2,5,6,1
302,01,lh-inferiorparietal,0.5333333333333334,0.2581988897471611,0.6666666666666665,0.7216155449505477,Mutual + Linear-SVM,unconscious,unconscious,False,Image,False,2,3,2,1
303,01,lh-inferiorparietal,0.48148148148148145,0.09759000729485331,0.5714285714285714,0.7532627186514068,Mutual + Linear-SVM,unconscious,unconscious,False,Image,False,2,4,5,1
304,01,lh-inferiorparietal,0.11111111111111112,-0.5,0.2222222222222222,0.7763267069841342,Mutual + Linear-SVM,unconscious,unconscious,False,Image,False,1,1,5,2
305,01,lh-inferiorparietal,0.0,-0.7559289460184544,0.0,0.7908809469500075,Mutual + Linear-SVM,unconscious,unconscious,False,Image,False,1,0,6,2
306,01,lh-inferiorparietal,0.6444444444444445,0.31622776601683794,0.8148148148148148,0.7794298132242381,Mutual + Linear-SVM,unconscious,unconscious,False,Image,False,2,11,4,1
307,01,lh-inferiorparietal,0.5333333333333333,0.14085904245475275,0.625,0.759800932823671,Mutual + Linear-SVM,unconscious,unconscious,False,Image,False,2,5,5,1
308,01,lh-inferiorparietal,0.33333333333333337,-0.47140452079103173,0.0,0.7181663136585176,Mutual + Linear-SVM,unconscious,unconscious,False,Image,False,2,0,4,1
309,01,lh-inferiorparietal,0.13333333333333336,-0.4666666666666667,0.25,0.7625945290656917,Mutual + Linear-SVM,unconscious,unconscious,False,Image,False,1,1,4,2
310,01,lh-inferiorparietal,0.11111111111111112,-0.5,0.2222222222222222,0.7712006845459973,Mutual + Linear-SVM,unconscious,unconscious,False,Image,False,1,1,5,2
311,01,lh-inferiorparietal,0.375,0.03857583749052298,0.5,0.781168642368678,Mutual + Linear-SVM,unconscious,unconscious,False,Image,False,2,3,5,1
312,01,lh-inferiorparietal,0.15555555555555556,-0.4780914437337575,0.2105263157894737,0.8131593219216815,Mutual + Linear-SVM,unconscious,unconscious,False,Image,False,1,2,13,2
313,01,lh-inferiorparietal,0.3888888888888889,0.15811388300841897,0.6,0.7448019966883174,Mutual + Linear-SVM,unconscious,unconscious,False,Image,False,2,3,3,1
314,01,lh-inferiorparietal,0.4,0.05773502691896257,0.5333333333333333,0.7659642125422129,Mutual + Linear-SVM,unconscious,unconscious,False,Image,False,2,4,6,1
315,01,lh-inferiorparietal,0.5416666666666666,0.14907119849998599,0.6153846153846154,0.7549810846320885,Mutual + Linear-SVM,unconscious,unconscious,False,Image,False,2,4,4,1
316,01,lh-inferiorparietal,0.6666666666666667,0.31622776601683794,0.7272727272727272,0.7292803255775615,Mutual + Linear-SVM,unconscious,unconscious,False,Image,False,2,4,2,1
317,01,lh-inferiorparietal,0.5,0.0,0.0,0.6679274921323839,Mutual + Linear-SVM,unconscious,unconscious,False,Image,False,3,0,2,0
318,01,lh-inferiorparietal,0.5416666666666667,0.2608745973749754,0.7142857142857143,0.7531050202635808,Mutual + Linear-SVM,unconscious,unconscious,False,Image,False,2,5,3,1
319,01,lh-inferiorparietal,0.6666666666666667,0.2581988897471611,0.6666666666666665,0.7215698555034282,Mutual + Linear-SVM,unconscious,unconscious,False,Image,False,2,3,2,1
320,01,lh-inferiorparietal,0.2727272727272727,-0.3373495424699933,0.37499999999999994,0.790229670408791,Mutual + Linear-SVM,unconscious,unconscious,False,Image,False,1,3,8,2
321,01,lh-inferiorparietal,0.375,0.03857583749052298,0.5,0.7782714048418186,Mutual + Linear-SVM,unconscious,unconscious,False,Image,False,2,3,5,1
322,01,lh-inferiorparietal,0.4,0.06666666666666667,0.5,0.7403416652131877,Mutual + Linear-SVM,unconscious,unconscious,False,Image,False,2,2,3,1
323,01,lh-inferiorparietal,0.6000000000000001,0.06666666666666667,0.5,0.7281248696420104,Mutual + Linear-SVM,unconscious,unconscious,False,Image,False,2,2,3,1
324,01,lh-inferiorparietal,0.5333333333333333,0.14085904245475275,0.625,0.7727819461967069,Mutual + Linear-SVM,unconscious,unconscious,False,Image,False,2,5,5,1
325,01,lh-inferiorparietal,0.2777777777777778,-0.31622776601683794,0.4,0.7546412887580495,Mutual + Linear-SVM,unconscious,unconscious,False,Image,False,1,2,4,2
326,01,lh-inferiorparietal,0.37500000000000006,0.03857583749052298,0.5,0.7570438995398284,Mutual + Linear-SVM,unconscious,unconscious,False,Image,False,2,3,5,1
327,01,lh-inferiorparietal,0.5,0.3535533905932738,0.4,0.7141317306337934,Mutual + Linear-SVM,unconscious,unconscious,False,Image,False,3,1,3,0
328,01,lh-inferiorparietal,0.2222222222222222,-0.408248290463863,0.30769230769230765,0.7793260111426942,Mutual + Linear-SVM,unconscious,unconscious,False,Image,False,1,2,7,2
329,01,lh-inferiorparietal,0.5833333333333334,0.14907119849998599,0.6153846153846154,0.7396502046837813,Mutual + Linear-SVM,unconscious,unconscious,False,Image,False,2,4,4,1
330,01,lh-inferiorparietal,0.75,0.16666666666666666,0.5714285714285715,0.7072940185164106,Mutual + Linear-SVM,unconscious,unconscious,False,Image,False,2,2,2,1
331,01,lh-inferiorparietal,0.13333333333333336,-0.4666666666666667,0.25,0.7439580676313777,Mutual + Linear-SVM,unconscious,unconscious,False,Image,False,1,1,4,2
332,01,lh-inferiorparietal,0.6190476190476191,0.0890870806374748,0.5454545454545454,0.7316828140047091,Mutual + Linear-SVM,unconscious,unconscious,False,Image,False,2,3,4,1
333,01,lh-inferiorparietal,0.14285714285714285,-0.5238095238095238,0.2,0.8084747379930809,Mutual + Linear-SVM,unconscious,unconscious,False,Image,False,1,1,6,2
334,01,lh-inferiorparietal,0.4848484848484849,0.251259453814803,0.7368421052631579,0.7805743482141395,Mutual + Linear-SVM,unconscious,unconscious,False,Image,False,2,7,4,1
335,01,lh-inferiorparietal,0.2777777777777778,-0.31622776601683794,0.4,0.7770042012605143,Mutual + Linear-SVM,unconscious,unconscious,False,Image,False,1,2,4,2
336,01,lh-inferiorparietal,0.5333333333333334,0.06666666666666667,0.5,0.7308861758061884,Mutual + Linear-SVM,unconscious,unconscious,False,Image,False,2,2,3,1
337,01,lh-inferiorparietal,0.7222222222222222,0.1336306209562122,0.3333333333333333,0.6301383038467683,Mutual + Linear-SVM,unconscious,unconscious,False,Image,False,6,1,1,3
338,01,lh-inferiorparietal,0.23611111111111113,-0.5493502655735357,0.13333333333333333,0.7194472749242198,Mutual + Linear-SVM,unconscious,unconscious,False,Image,False,3,1,7,6
339,01,lh-inferiorparietal,0.42735042735042744,-0.16878989451394444,0.4347826086956522,0.7311680575732886,Mutual + Linear-SVM,unconscious,unconscious,False,Image,False,4,5,8,5
340,01,lh-inferiorparietal,0.46913580246913583,0.0,0.47058823529411764,0.6991515850752079,Mutual + Linear-SVM,unconscious,unconscious,False,Image,False,5,4,5,4
341,01,lh-inferiorparietal,0.16666666666666669,-0.5163977794943223,0.0,0.6545551674342746,Mutual + Linear-SVM,unconscious,unconscious,False,Image,False,3,0,2,6
342,01,lh-inferiorparietal,0.6888888888888889,0.25819888974716115,0.5454545454545454,0.6602362439446329,Mutual + Linear-SVM,unconscious,unconscious,False,Image,False,6,3,2,3
343,01,lh-inferiorparietal,0.3611111111111111,-0.4166666666666667,0.25,0.6966519709330496,Mutual + Linear-SVM,unconscious,unconscious,False,Image,False,3,2,6,6
344,01,lh-inferiorparietal,0.7333333333333334,0.5185449728701348,0.6666666666666665,0.6631045875450602,Mutual + Linear-SVM,unconscious,unconscious,False,Image,False,8,3,2,1
345,01,lh-inferiorparietal,0.5416666666666667,-0.18055555555555555,0.375,0.6863188046687242,Mutual + Linear-SVM,unconscious,unconscious,False,Image,False,4,3,5,5
346,01,lh-inferiorparietal,0.45679012345679015,-0.22360679774997896,0.35294117647058826,0.7003426944100377,Mutual + Linear-SVM,unconscious,unconscious,False,Image,False,4,3,6,5
347,01,lh-inferiorparietal,0.4444444444444445,-0.3578300267477955,0.3529411764705882,0.689232805525001,Mutual + Linear-SVM,unconscious,unconscious,False,Image,False,2,3,4,7
348,01,lh-inferiorparietal,0.2592592592592593,-0.32732683535398854,0.28571428571428575,0.6859846734574516,Mutual + Linear-SVM,unconscious,unconscious,False,Image,False,3,2,4,6
349,01,lh-inferiorparietal,0.48484848484848486,0.010101010101010102,0.5,0.7138660377633953,Mutual + Linear-SVM,unconscious,unconscious,False,Image,False,5,5,6,4
350,01,lh-inferiorparietal,0.6888888888888889,0.37777777777777777,0.6,0.6664222941619296,Mutual + Linear-SVM,unconscious,unconscious,False,Image,False,7,3,2,2
351,01,lh-inferiorparietal,0.6049382716049383,0.1111111111111111,0.5555555555555556,0.6927885465015824,Mutual + Linear-SVM,unconscious,unconscious,False,Image,False,5,5,4,4
352,01,lh-inferiorparietal,0.11111111111111116,-0.7637626158259733,0.0,0.7019700926173987,Mutual + Linear-SVM,unconscious,unconscious,False,Image,False,2,0,6,7
353,01,lh-inferiorparietal,0.18518518518518517,-0.3888888888888889,0.16666666666666666,0.7186874267161476,Mutual + Linear-SVM,unconscious,unconscious,False,Image,False,4,1,5,5
354,01,lh-inferiorparietal,0.41481481481481486,-0.04364357804719848,0.48,0.7348887935451559,Mutual + Linear-SVM,unconscious,unconscious,False,Image,False,5,6,9,4
355,01,lh-inferiorparietal,0.4555555555555556,-0.15555555555555556,0.4210526315789474,0.7070464083822359,Mutual + Linear-SVM,unconscious,unconscious,False,Image,False,4,4,6,5
356,01,lh-inferiorparietal,0.4444444444444444,-0.18446619684315546,0.22222222222222224,0.6589435364815244,Mutual + Linear-SVM,unconscious,unconscious,False,Image,False,5,1,3,4
357,01,lh-inferiorparietal,0.2666666666666667,-0.4472135954999579,0.16666666666666666,0.6850714585198422,Mutual + Linear-SVM,unconscious,unconscious,False,Image,False,3,1,4,6
358,01,lh-inferiorparietal,0.1851851851851852,-0.49099025303098287,0.15384615384615383,0.6971213903550371,Mutual + Linear-SVM,unconscious,unconscious,False,Image,False,3,1,5,6
359,01,lh-inferiorparietal,0.5,0.1690308509457033,0.5333333333333333,0.6997955312017782,Mutual + Linear-SVM,unconscious,unconscious,False,Image,False,6,4,4,3
360,01,lh-inferiorparietal,0.35555555555555557,-0.3927922024247863,0.32,0.7387255358274141,Mutual + Linear-SVM,unconscious,unconscious,False,Image,False,3,4,11,6
361,01,lh-inferiorparietal,0.3888888888888889,-0.1111111111111111,0.3333333333333333,0.6806256871152164,Mutual + Linear-SVM,unconscious,unconscious,False,Image,False,5,2,4,4
362,01,lh-inferiorparietal,0.5777777777777777,0.26666666666666666,0.631578947368421,0.7012837405883535,Mutual + Linear-SVM,unconscious,unconscious,False,Image,False,6,6,4,3
363,01,lh-inferiorparietal,0.5,-0.05555555555555555,0.47058823529411764,0.6963956030109242,Mutual + Linear-SVM,unconscious,unconscious,False,Image,False,4,4,4,5
364,01,lh-inferiorparietal,0.5555555555555556,0.21821789023599236,0.5714285714285715,0.6724338740824085,Mutual + Linear-SVM,unconscious,unconscious,False,Image,False,5,4,2,4
365,01,lh-inferiorparietal,0.5,-0.14907119849998599,0.0,0.6364544148859503,Mutual + Linear-SVM,unconscious,unconscious,False,Image,False,8,0,2,1
366,01,lh-inferiorparietal,0.5833333333333334,0.05555555555555555,0.5,0.6864038213931167,Mutual + Linear-SVM,unconscious,unconscious,False,Image,False,5,4,4,4
367,01,lh-inferiorparietal,0.5111111111111112,-0.04303314829119352,0.3636363636363636,0.6685603820732503,Mutual + Linear-SVM,unconscious,unconscious,False,Image,False,5,2,3,4
368,01,lh-inferiorparietal,0.41414141414141414,-0.1919191919191919,0.39999999999999997,0.7242513724663604,Mutual + Linear-SVM,unconscious,unconscious,False,Image,False,4,4,7,5
369,01,lh-inferiorparietal,0.37500000000000006,-0.2030905986149808,0.28571428571428575,0.7151452395196254,Mutual + Linear-SVM,unconscious,unconscious,False,Image,False,5,2,6,4
370,01,lh-inferiorparietal,0.2888888888888889,-0.4472135954999579,0.16666666666666666,0.6703992783123516,Mutual + Linear-SVM,unconscious,unconscious,False,Image,False,3,1,4,6
371,01,lh-inferiorparietal,0.5111111111111111,0.18856180831641267,0.4444444444444445,0.6702783260453872,Mutual + Linear-SVM,unconscious,unconscious,False,Image,False,7,2,3,2
372,01,lh-inferiorparietal,0.3666666666666667,-0.2584432806109095,0.33333333333333326,0.7178138384542869,Mutual + Linear-SVM,unconscious,unconscious,False,Image,False,4,3,7,5
373,01,lh-inferiorparietal,0.40740740740740744,-0.1111111111111111,0.3333333333333333,0.6885107482592316,Mutual + Linear-SVM,unconscious,unconscious,False,Image,False,5,2,4,4
374,01,lh-inferiorparietal,0.4722222222222223,0.05555555555555555,0.5,0.6948141270117373,Mutual + Linear-SVM,unconscious,unconscious,False,Image,False,5,4,4,4
375,01,lh-inferiorparietal,0.6111111111111112,-0.05143444998736397,0.36363636363636365,0.6571482180844234,Mutual + Linear-SVM,unconscious,unconscious,False,Image,False,4,2,2,5
376,01,lh-inferiorparietal,0.3827160493827161,-0.22360679774997896,0.35294117647058826,0.7094224498276183,Mutual + Linear-SVM,unconscious,unconscious,False,Image,False,4,3,6,5
377,01,lh-inferiorparietal,0.5972222222222223,0.05555555555555555,0.5,0.6830504770381614,Mutual + Linear-SVM,unconscious,unconscious,False,Image,False,5,4,4,4
378,01,lh-inferiorparietal,0.5277777777777778,0.05143444998736397,0.4,0.6591437865241899,Mutual + Linear-SVM,unconscious,unconscious,False,Image,False,5,2,2,4
379,01,lh-inferiorparietal,0.22222222222222224,-0.4472135954999579,0.16666666666666666,0.6736428634137612,Mutual + Linear-SVM,unconscious,unconscious,False,Image,False,3,1,4,6
380,01,lh-inferiorparietal,0.5714285714285714,-0.015873015873015872,0.42857142857142855,0.6807373240657593,Mutual + Linear-SVM,unconscious,unconscious,False,Image,False,5,3,4,4
381,01,lh-inferiorparietal,0.23809523809523808,-0.5238095238095238,0.14285714285714285,0.7307628423616257,Mutual + Linear-SVM,unconscious,unconscious,False,Image,False,3,1,6,6
382,01,lh-inferiorparietal,0.27272727272727276,-0.3939393939393939,0.3,0.7160230088751189,Mutual + Linear-SVM,unconscious,unconscious,False,Image,False,3,3,8,6
383,01,lh-inferiorparietal,0.35185185185185186,-0.21821789023599236,0.30769230769230765,0.701152696803961,Mutual + Linear-SVM,unconscious,unconscious,False,Image,False,4,2,4,5
384,01,lh-inferiorparietal,0.4000000000000001,-0.1414213562373095,0.22222222222222224,0.6691252233998732,Mutual + Linear-SVM,unconscious,unconscious,False,Image,False,6,1,4,3
385,01,lh-inferiorparietal,0.75,0.2182178902359924,0.4,0.6157453378760134,Mutual + Linear-SVM,unconscious,unconscious,False,Image,False,6,1,1,2
386,01,lh-inferiorparietal,0.4375,-0.1259881576697424,0.39999999999999997,0.7085349804314434,Mutual + Linear-SVM,unconscious,unconscious,False,Image,False,4,3,5,4
387,01,lh-inferiorparietal,0.576923076923077,0.1589409883014377,0.608695652173913,0.7296506691473537,Mutual + Linear-SVM,unconscious,unconscious,False,Image,False,5,7,6,3
388,01,lh-inferiorparietal,0.625,0.07042952122737638,0.5,0.6952617883140253,Mutual + Linear-SVM,unconscious,unconscious,False,Image,False,5,4,5,3
389,01,lh-inferiorparietal,0.4375,-0.4082482904638631,0.0,0.6275467683660866,Mutual + Linear-SVM,unconscious,unconscious,False,Image,False,4,0,2,4
390,01,lh-inferiorparietal,0.725,0.21957751641341997,0.5454545454545454,0.6392579931441837,Mutual + Linear-SVM,unconscious,unconscious,False,Image,False,5,3,2,3
391,01,lh-inferiorparietal,0.515625,-0.1259881576697424,0.39999999999999997,0.6985556594341515,Mutual + Linear-SVM,unconscious,unconscious,False,Image,False,4,3,5,4
392,01,lh-inferiorparietal,0.725,0.35,0.6,0.6448863661926818,Mutual + Linear-SVM,unconscious,unconscious,False,Image,False,6,3,2,2
393,01,lh-inferiorparietal,0.59375,0.1259881576697424,0.5333333333333333,0.6809224146717211,Mutual + Linear-SVM,unconscious,unconscious,False,Image,False,5,4,4,3
394,01,lh-inferiorparietal,0.6111111111111112,0.18055555555555555,0.5882352941176471,0.693573382093271,Mutual + Linear-SVM,unconscious,unconscious,False,Image,False,5,5,4,3
395,01,lh-inferiorparietal,0.5714285714285714,0.05455447255899809,0.4615384615384615,0.6869350483859538,Mutual + Linear-SVM,unconscious,unconscious,False,Image,False,5,3,4,3
396,01,lh-inferiorparietal,0.5416666666666666,0.0,0.4615384615384615,0.6806749295190643,Mutual + Linear-SVM,unconscious,unconscious,False,Image,False,4,3,3,4
397,01,lh-inferiorparietal,0.5568181818181819,-0.044946657497549475,0.5,0.714295850508876,Mutual + Linear-SVM,unconscious,unconscious,False,Image,False,4,5,6,4
398,01,lh-inferiorparietal,0.775,0.5006939628599933,0.6666666666666665,0.6574450161009898,Mutual + Linear-SVM,unconscious,unconscious,False,Image,False,7,3,2,1
399,01,lh-inferiorparietal,0.6388888888888888,0.07042952122737638,0.5,0.6867572620413808,Mutual + Linear-SVM,unconscious,unconscious,False,Image,False,5,4,5,3
400,01,lh-inferiorparietal,0.39583333333333337,-0.16666666666666666,0.3333333333333333,0.6930510657212399,Mutual + Linear-SVM,unconscious,unconscious,False,Image,False,4,2,4,4
401,01,lh-inferiorparietal,0.3958333333333333,-0.34426518632954817,0.1818181818181818,0.6949217576297793,Mutual + Linear-SVM,unconscious,unconscious,False,Image,False,4,1,5,4
402,01,lh-inferiorparietal,0.6333333333333333,0.15096490996388545,0.6153846153846153,0.7249408055680562,Mutual + Linear-SVM,unconscious,unconscious,False,Image,False,5,8,7,3
403,01,lh-inferiorparietal,0.6375,0.22360679774997896,0.631578947368421,0.6990185409526659,Mutual + Linear-SVM,unconscious,unconscious,False,Image,False,5,6,4,3
404,01,lh-inferiorparietal,0.5625,-0.125,0.25,0.6505796405978653,Mutual + Linear-SVM,unconscious,unconscious,False,Image,False,5,1,3,3
405,01,lh-inferiorparietal,0.47500000000000003,-0.09759000729485333,0.3636363636363636,0.6675911214797315,Mutual + Linear-SVM,unconscious,unconscious,False,Image,False,4,2,3,4
406,01,lh-inferiorparietal,0.4583333333333333,0.0,0.4615384615384615,0.6907283426226257,Mutual + Linear-SVM,unconscious,unconscious,False,Image,False,4,3,3,4
407,01,lh-inferiorparietal,0.53125,0.0,0.42857142857142855,0.7037188796547125,Mutual + Linear-SVM,unconscious,unconscious,False,Image,False,5,3,5,3
408,01,lh-inferiorparietal,0.48333333333333334,-0.09607689228305229,0.48,0.7496315774147043,Mutual + Linear-SVM,unconscious,unconscious,False,Image,False,4,6,9,4
409,01,lh-inferiorparietal,0.5,-0.16666666666666666,0.3333333333333333,0.6868098431528397,Mutual + Linear-SVM,unconscious,unconscious,False,Image,False,4,2,4,4
410,01,lh-inferiorparietal,0.6625,0.0,0.5263157894736842,0.7066616435175679,Mutual + Linear-SVM,unconscious,unconscious,False,Image,False,4,5,5,4
411,01,lh-inferiorparietal,0.609375,0.0,0.5,0.6921908151177186,Mutual + Linear-SVM,unconscious,unconscious,False,Image,False,4,4,4,4
412,01,lh-inferiorparietal,0.6666666666666666,0.125,0.5,0.6707805508114698,Mutual + Linear-SVM,unconscious,unconscious,False,Image,False,5,3,3,3
413,01,lh-inferiorparietal,0.625,0.0,0.28571428571428575,0.618563463989543,Mutual + Linear-SVM,unconscious,unconscious,False,Image,False,4,1,1,4
414,01,lh-inferiorparietal,0.671875,0.1259881576697424,0.5333333333333333,0.681074230236788,Mutual + Linear-SVM,unconscious,unconscious,False,Image,False,5,4,4,3
415,01,lh-inferiorparietal,0.725,0.21957751641341997,0.5454545454545454,0.6563296255696129,Mutual + Linear-SVM,unconscious,unconscious,False,Image,False,5,3,2,3
416,01,lh-inferiorparietal,0.5795454545454546,0.07954545454545454,0.5263157894736842,0.7219055115170814,Mutual + Linear-SVM,unconscious,unconscious,False,Image,False,5,5,6,3
417,01,lh-inferiorparietal,0.453125,-0.2581988897471611,0.28571428571428575,0.7078444486922744,Mutual + Linear-SVM,unconscious,unconscious,False,Image,False,4,2,6,4
418,01,lh-inferiorparietal,0.5,-0.09759000729485333,0.3636363636363636,0.6685440998181001,Mutual + Linear-SVM,unconscious,unconscious,False,Image,False,4,2,3,4
419,01,lh-inferiorparietal,0.55,0.025,0.4000000000000001,0.6651520175927284,Mutual + Linear-SVM,unconscious,unconscious,False,Image,False,5,2,3,3
420,01,lh-inferiorparietal,0.5625,0.125,0.5555555555555556,0.7205339429831805,Mutual + Linear-SVM,unconscious,unconscious,False,Image,False,5,5,5,3
421,01,lh-inferiorparietal,0.5208333333333334,0.0,0.4615384615384615,0.6796245726008759,Mutual + Linear-SVM,unconscious,unconscious,False,Image,False,4,3,3,4
422,01,lh-inferiorparietal,0.53125,-0.2886751345948129,0.16666666666666666,0.694586941641361,Mutual + Linear-SVM,unconscious,unconscious,False,Image,False,5,1,7,3
423,01,lh-inferiorparietal,0.625,0.0,0.4,0.6550021163071813,Mutual + Linear-SVM,unconscious,unconscious,False,Image,False,4,2,2,4
424,01,lh-inferiorparietal,0.5416666666666667,-0.04351941398892446,0.4,0.706862568703755,Mutual + Linear-SVM,unconscious,unconscious,False,Image,False,5,3,6,3
425,01,lh-inferiorparietal,0.6875,0.2581988897471611,0.5714285714285715,0.6667476170479774,Mutual + Linear-SVM,unconscious,unconscious,False,Image,False,6,4,4,2
426,01,lh-inferiorparietal,0.65625,0.11952286093343936,0.4444444444444445,0.642653154419319,Mutual + Linear-SVM,unconscious,unconscious,False,Image,False,5,2,2,3
427,01,lh-inferiorparietal,0.5,-0.09759000729485333,0.3636363636363636,0.6734861395856235,Mutual + Linear-SVM,unconscious,unconscious,False,Image,False,4,2,3,4
428,01,lh-inferiorparietal,0.6607142857142857,0.05455447255899809,0.4615384615384615,0.6593790375861929,Mutual + Linear-SVM,unconscious,unconscious,False,Image,False,5,3,4,3
429,01,lh-inferiorparietal,0.42857142857142855,-0.07142857142857142,0.42857142857142855,0.7135912941379383,Mutual + Linear-SVM,unconscious,unconscious,False,Image,False,4,3,4,4
430,01,lh-inferiorparietal,0.625,0.2584432806109095,0.6666666666666666,0.7149657931758806,Mutual + Linear-SVM,unconscious,unconscious,False,Image,False,5,7,4,3
431,01,lh-inferiorparietal,0.47916666666666663,-0.16666666666666666,0.3333333333333333,0.7019849276478176,Mutual + Linear-SVM,unconscious,unconscious,False,Image,False,4,2,4,4
432,01,lh-inferiorparietal,0.525,-0.09759000729485333,0.3636363636363636,0.6698608691357621,Mutual + Linear-SVM,unconscious,unconscious,False,Image,False,4,2,3,4
433,01,lh-inferiorparietal,0.75,0.2182178902359924,0.4,0.6327732138220852,Mutual + Linear-SVM,unconscious,unconscious,False,Image,False,6,1,1,2
434,01,lh-inferiorparietal,0.3125,-0.2581988897471611,0.28571428571428575,0.7188263406599482,Mutual + Linear-SVM,unconscious,unconscious,False,Image,False,4,2,6,4
435,01,lh-inferiorparietal,0.4903846153846154,0.009615384615384616,0.4761904761904762,0.741991056225915,Mutual + Linear-SVM,unconscious,unconscious,False,Image,False,5,5,8,3
436,01,lh-inferiorparietal,0.6944444444444444,0.3098898934004561,0.6250000000000001,0.6926186503898066,Mutual + Linear-SVM,unconscious,unconscious,False,Image,False,6,5,4,2
437,01,lh-inferiorparietal,0.0625,-0.6123724356957946,0.0,0.6486259781244748,Mutual + Linear-SVM,unconscious,unconscious,False,Image,False,2,0,2,6
438,01,lh-inferiorparietal,0.7000000000000001,0.35,0.6,0.653159700933538,Mutual + Linear-SVM,unconscious,unconscious,False,Image,False,6,3,2,2
439,01,lh-inferiorparietal,0.484375,0.1259881576697424,0.5333333333333333,0.6959395797280965,Mutual + Linear-SVM,unconscious,unconscious,False,Image,False,5,4,4,3
440,01,lh-inferiorparietal,0.7000000000000001,0.35,0.6,0.6662078348435008,Mutual + Linear-SVM,unconscious,unconscious,False,Image,False,6,3,2,2
441,01,lh-inferiorparietal,0.65625,0.25,0.625,0.6891054867282064,Mutual + Linear-SVM,unconscious,unconscious,False,Image,False,5,5,3,3
442,01,lh-inferiorparietal,0.4305555555555555,-0.1690308509457033,0.375,0.7138898847425996,Mutual + Linear-SVM,unconscious,unconscious,False,Image,False,4,3,6,4
443,01,lh-inferiorparietal,0.4642857142857143,0.05455447255899809,0.4615384615384615,0.7032991723892708,Mutual + Linear-SVM,unconscious,unconscious,False,Image,False,5,3,4,3
444,01,lh-inferiorparietal,0.5,-0.16666666666666666,0.3333333333333333,0.6845579530455153,Mutual + Linear-SVM,unconscious,unconscious,False,Image,False,4,2,4,4
445,01,lh-inferiorparietal,0.27272727272727276,-0.3522727272727273,0.3157894736842105,0.7345196649455196,Mutual + Linear-SVM,unconscious,unconscious,False,Image,False,3,3,8,5
446,01,lh-inferiorparietal,0.7000000000000001,0.35,0.6,0.6657330933517241,Mutual + Linear-SVM,unconscious,unconscious,False,Image,False,6,3,2,2
447,01,lh-inferiorparietal,0.5972222222222222,0.18055555555555555,0.5882352941176471,0.6955837536421227,Mutual + Linear-SVM,unconscious,unconscious,False,Image,False,5,5,4,3
448,01,lh-inferiorparietal,0.18749999999999997,-0.4583333333333333,0.16666666666666666,0.7053785643144368,Mutual + Linear-SVM,unconscious,unconscious,False,Image,False,3,1,5,5
449,01,lh-inferiorparietal,0.35416666666666663,-0.16666666666666666,0.3333333333333333,0.696280467577929,Mutual + Linear-SVM,unconscious,unconscious,False,Image,False,4,2,4,4
450,01,lh-inferiorparietal,0.6666666666666667,0.39727607885233013,0.7407407407407408,0.7297622197916109,Mutual + Linear-SVM,unconscious,unconscious,False,Image,False,6,10,5,2
451,01,lh-inferiorparietal,0.7375,0.35,0.6666666666666665,0.6921955904174265,Mutual + Linear-SVM,unconscious,unconscious,False,Image,False,6,6,4,2
452,01,lh-inferiorparietal,0.34375,-0.23904572186687872,0.22222222222222224,0.6674233208817806,Mutual + Linear-SVM,unconscious,unconscious,False,Image,False,4,1,3,4
453,01,lh-inferiorparietal,0.25,-0.4147575310031266,0.1818181818181818,0.6943336093313618,Mutual + Linear-SVM,unconscious,unconscious,False,Image,False,3,1,4,5
454,01,lh-inferiorparietal,0.3958333333333333,-0.16666666666666666,0.3333333333333333,0.6902119813218732,Mutual + Linear-SVM,unconscious,unconscious,False,Image,False,4,2,4,4
455,01,lh-inferiorparietal,0.5,0.13483997249264842,0.4615384615384615,0.713224587269829,Mutual + Linear-SVM,unconscious,unconscious,False,Image,False,6,3,5,2
456,01,lh-inferiorparietal,0.3916666666666666,-0.16265001215808886,0.4166666666666667,0.7559624746872519,Mutual + Linear-SVM,unconscious,unconscious,False,Image,False,4,5,10,4
457,01,lh-inferiorparietal,0.4166666666666667,-0.04303314829119352,0.3636363636363636,0.6898985099288709,Mutual + Linear-SVM,unconscious,unconscious,False,Image,False,5,2,4,3
458,01,lh-inferiorparietal,0.55,-0.07905694150420949,0.37499999999999994,0.7068048030241344,Mutual + Linear-SVM,unconscious,unconscious,False,Image,False,5,3,7,3
459,01,lh-inferiorparietal,0.640625,0.5773502691896258,0.6666666666666666,0.6962597359571235,Mutual + Linear-SVM,unconscious,unconscious,False,Image,False,8,4,4,0
460,01,lh-inferiorparietal,0.8125,0.28867513459481287,0.6153846153846153,0.6726149637399658,Mutual + Linear-SVM,unconscious,unconscious,False,Image,False,5,4,2,3
461,01,lh-inferiorparietal,0.5625,-0.2182178902359924,0.22222222222222224,0.6290279057174014,Mutual + Linear-SVM,unconscious,unconscious,False,Image,False,2,1,1,6
462,01,lh-inferiorparietal,0.671875,0.2581988897471611,0.5714285714285715,0.6877025194117921,Mutual + Linear-SVM,unconscious,unconscious,False,Image,False,6,4,4,2
463,01,lh-inferiorparietal,0.525,0.15811388300841897,0.4444444444444445,0.6766282020567158,Mutual + Linear-SVM,unconscious,unconscious,False,Image,False,6,2,3,2
464,01,lh-inferiorparietal,0.3977272727272727,-0.13636363636363635,0.4210526315789474,0.7294968457558086,Mutual + Linear-SVM,unconscious,unconscious,False,Image,False,4,4,7,4
465,01,lh-inferiorparietal,0.421875,-0.1259881576697424,0.39999999999999997,0.7126092795014916,Mutual + Linear-SVM,unconscious,unconscious,False,Image,False,4,3,5,4
466,01,lh-inferiorparietal,0.45,0.09759000729485333,0.5,0.6720976717912971,Mutual + Linear-SVM,unconscious,unconscious,False,Image,False,4,3,2,4
467,01,lh-inferiorparietal,0.525,-0.18446619684315546,0.22222222222222224,0.6719503295043108,Mutual + Linear-SVM,unconscious,unconscious,False,Image,False,5,1,4,3
468,01,lh-inferiorparietal,0.325,-0.325,0.33333333333333326,0.7308794418802417,Mutual + Linear-SVM,unconscious,unconscious,False,Image,False,3,3,7,5
469,01,lh-inferiorparietal,0.375,-0.16666666666666666,0.3333333333333333,0.6955543343740617,Mutual + Linear-SVM,unconscious,unconscious,False,Image,False,4,2,4,4
470,01,lh-inferiorparietal,0.390625,-0.1259881576697424,0.39999999999999997,0.7108207101599766,Mutual + Linear-SVM,unconscious,unconscious,False,Image,False,4,3,5,4
471,01,lh-inferiorparietal,0.625,0.0,0.4,0.6510334587249876,Mutual + Linear-SVM,unconscious,unconscious,False,Image,False,4,2,2,4
472,01,lh-inferiorparietal,0.3472222222222222,-0.1690308509457033,0.375,0.7299287465239435,Mutual + Linear-SVM,unconscious,unconscious,False,Image,False,4,3,6,4
473,01,lh-inferiorparietal,0.78125,0.3779644730092272,0.6666666666666666,0.6699444833146608,Mutual + Linear-SVM,unconscious,unconscious,False,Image,False,6,5,3,2
474,01,lh-inferiorparietal,0.75,0.25,0.5,0.6492571309644656,Mutual + Linear-SVM,unconscious,unconscious,False,Image,False,6,2,2,2
475,01,lh-inferiorparietal,0.275,-0.4147575310031266,0.1818181818181818,0.6771248510915812,Mutual + Linear-SVM,unconscious,unconscious,False,Image,False,3,1,4,5
476,01,lh-inferiorparietal,0.75,0.472455591261534,0.6666666666666666,0.6720740109716712,Mutual + Linear-SVM,unconscious,unconscious,False,Image,False,7,4,3,1
477,01,lh-inferiorparietal,0.25,-0.3392857142857143,0.2857142857142857,0.7483495630651454,Mutual + Linear-SVM,unconscious,unconscious,False,Image,False,3,2,5,5
478,01,lh-inferiorparietal,0.4318181818181818,0.07954545454545454,0.5263157894736842,0.7263343948302374,Mutual + Linear-SVM,unconscious,unconscious,False,Image,False,5,5,6,3
479,01,lh-inferiorparietal,0.375,-0.16666666666666666,0.3333333333333333,0.6999330298860494,Mutual + Linear-SVM,unconscious,unconscious,False,Image,False,4,2,4,4
480,01,lh-inferiorparietal,0.475,-0.09759000729485333,0.3636363636363636,0.6740436211303348,Mutual + Linear-SVM,unconscious,unconscious,False,Image,False,4,2,3,4
481,01,lh-inferiorparietal,0.6818181818181818,0.10112997936948631,0.28571428571428575,0.6279870752109554,Mutual + Linear-SVM,unconscious,unconscious,False,Image,False,7,1,1,4
482,01,lh-inferiorparietal,0.375,-0.044946657497549475,0.4444444444444445,0.6947877437815655,Mutual + Linear-SVM,unconscious,unconscious,False,Image,False,5,4,4,6
483,01,lh-inferiorparietal,0.6013986013986015,0.4181210050035454,0.7199999999999999,0.7100328693913021,Mutual + Linear-SVM,unconscious,unconscious,False,Image,False,8,9,4,3
484,01,lh-inferiorparietal,0.46464646464646464,-0.010101010101010102,0.4444444444444444,0.6944127298901649,Mutual + Linear-SVM,unconscious,unconscious,False,Image,False,6,4,5,5
485,01,lh-inferiorparietal,0.13636363636363635,-0.5393598899705937,0.0,0.6411827157191029,Mutual + Linear-SVM,unconscious,unconscious,False,Image,False,3,0,2,8
486,01,lh-inferiorparietal,0.6727272727272728,0.3133397807202561,0.5454545454545454,0.6544862537235232,Mutual + Linear-SVM,unconscious,unconscious,False,Image,False,8,3,2,3
487,01,lh-inferiorparietal,0.4204545454545455,-0.07954545454545454,0.375,0.6895360912373918,Mutual + Linear-SVM,unconscious,unconscious,False,Image,False,6,3,5,5
488,01,lh-inferiorparietal,0.6727272727272728,0.3133397807202561,0.5454545454545454,0.6566101415044666,Mutual + Linear-SVM,unconscious,unconscious,False,Image,False,8,3,2,3
489,01,lh-inferiorparietal,0.5568181818181819,0.13636363636363635,0.5,0.6793976476993375,Mutual + Linear-SVM,unconscious,unconscious,False,Image,False,7,4,4,4
490,01,lh-inferiorparietal,0.505050505050505,-0.010101010101010102,0.4444444444444444,0.6941009949460119,Mutual + Linear-SVM,unconscious,unconscious,False,Image,False,6,4,5,5
491,01,lh-inferiorparietal,0.44155844155844154,-0.025482359571881278,0.39999999999999997,0.6855201001376402,Mutual + Linear-SVM,unconscious,unconscious,False,Image,False,6,3,4,5
492,01,lh-inferiorparietal,0.2878787878787879,-0.2030905986149808,0.28571428571428575,0.6808629837427674,Mutual + Linear-SVM,unconscious,unconscious,False,Image,False,5,2,4,6
493,01,lh-inferiorparietal,0.4462809917355372,0.0,0.47619047619047616,0.7106819936600995,Mutual + Linear-SVM,unconscious,unconscious,False,Image,False,6,5,6,5
494,01,lh-inferiorparietal,0.6363636363636365,0.3133397807202561,0.5454545454545454,0.6563972135118861,Mutual + Linear-SVM,unconscious,unconscious,False,Image,False,8,3,2,3
495,01,lh-inferiorparietal,0.5151515151515151,0.1919191919191919,0.5555555555555556,0.6910881562143432,Mutual + Linear-SVM,unconscious,unconscious,False,Image,False,7,5,4,4
496,01,lh-inferiorparietal,0.3181818181818181,-0.29012942659282975,0.26666666666666666,0.6799516890971873,Mutual + Linear-SVM,unconscious,unconscious,False,Image,False,4,2,4,7
497,01,lh-inferiorparietal,0.25757575757575757,-0.2030905986149808,0.28571428571428575,0.6807972468975937,Mutual + Linear-SVM,unconscious,unconscious,False,Image,False,5,2,4,6
498,01,lh-inferiorparietal,0.5090909090909091,0.0778498944161523,0.5714285714285715,0.7180186370843415,Mutual + Linear-SVM,unconscious,unconscious,False,Image,False,6,8,7,5
499,01,lh-inferiorparietal,0.5818181818181818,0.23636363636363636,0.6,0.6924433054448237,Mutual + Linear-SVM,unconscious,unconscious,False,Image,False,7,6,4,4
500,01,lh-inferiorparietal,0.6136363636363635,0.12309149097933272,0.4,0.6537536754764749,Mutual + Linear-SVM,unconscious,unconscious,False,Image,False,7,2,2,4
501,01,lh-inferiorparietal,0.12727272727272726,-0.49265895172303803,0.14285714285714285,0.6755541303972943,Mutual + Linear-SVM,unconscious,unconscious,False,Image,False,3,1,4,8
502,01,lh-inferiorparietal,0.3787878787878788,-0.11769797726729993,0.30769230769230765,0.6766966080621167,Mutual + Linear-SVM,unconscious,unconscious,False,Image,False,6,2,4,5
503,01,lh-inferiorparietal,0.47727272727272724,0.13636363636363635,0.5,0.6907472036710178,Mutual + Linear-SVM,unconscious,unconscious,False,Image,False,7,4,4,4
504,01,lh-inferiorparietal,0.3151515151515152,-0.21212121212121213,0.3846153846153846,0.7592896778441705,Mutual + Linear-SVM,unconscious,unconscious,False,Image,False,5,5,10,6
505,01,lh-inferiorparietal,0.5151515151515151,0.13241022442571243,0.4615384615384615,0.6736370403056503,Mutual + Linear-SVM,unconscious,unconscious,False,Image,False,7,3,3,4
506,01,lh-inferiorparietal,0.5181818181818183,0.045454545454545456,0.5,0.6967562697840857,Mutual + Linear-SVM,unconscious,unconscious,False,Image,False,6,5,5,5
507,01,lh-inferiorparietal,0.48863636363636365,0.13636363636363635,0.5,0.6856949559776663,Mutual + Linear-SVM,unconscious,unconscious,False,Image,False,7,4,4,4
508,01,lh-inferiorparietal,0.5151515151515151,-0.11769797726729993,0.30769230769230765,0.6683472136273519,Mutual + Linear-SVM,unconscious,unconscious,False,Image,False,6,2,4,5
509,01,lh-inferiorparietal,0.5909090909090909,-0.03289758474798845,0.22222222222222224,0.6294605766448499,Mutual + Linear-SVM,unconscious,unconscious,False,Image,False,5,1,1,6
510,01,lh-inferiorparietal,0.6818181818181819,0.3522727272727273,0.625,0.6744602338230453,Mutual + Linear-SVM,unconscious,unconscious,False,Image,False,8,5,3,3
511,01,lh-inferiorparietal,0.5272727272727272,0.23354968324845687,0.4444444444444445,0.657152759529352,Mutual + Linear-SVM,unconscious,unconscious,False,Image,False,9,2,3,2
512,01,lh-inferiorparietal,0.36363636363636365,-0.09090909090909091,0.45454545454545453,0.7185792086848779,Mutual + Linear-SVM,unconscious,unconscious,False,Image,False,5,5,6,6
513,01,lh-inferiorparietal,0.43181818181818177,-0.07954545454545454,0.375,0.6893249146248002,Mutual + Linear-SVM,unconscious,unconscious,False,Image,False,6,3,5,5
514,01,lh-inferiorparietal,0.1636363636363636,-0.674199862463242,0.0,0.6665172877690564,Mutual + Linear-SVM,unconscious,unconscious,False,Image,False,3,0,5,8
515,01,lh-inferiorparietal,0.38181818181818183,-0.32277655457716287,0.16666666666666666,0.6660186926021864,Mutual + Linear-SVM,unconscious,unconscious,False,Image,False,5,1,4,6
516,01,lh-inferiorparietal,0.4636363636363636,-0.05504818825631803,0.4210526315789474,0.7064983894492188,Mutual + Linear-SVM,unconscious,unconscious,False,Image,False,6,4,6,5
517,01,lh-inferiorparietal,0.45454545454545453,0.04351941398892446,0.42857142857142855,0.6737043444037722,Mutual + Linear-SVM,unconscious,unconscious,False,Image,False,6,3,3,5
518,01,lh-inferiorparietal,0.36363636363636365,-0.4303489473092928,0.13333333333333333,0.6950532054044263,Mutual + Linear-SVM,unconscious,unconscious,False,Image,False,5,1,7,6
519,01,lh-inferiorparietal,0.45454545454545453,0.2069593385961789,0.3333333333333333,0.6504859309063763,Mutual + Linear-SVM,unconscious,unconscious,False,Image,False,10,1,3,1
520,01,lh-inferiorparietal,0.5454545454545455,0.30151134457776363,0.631578947368421,0.6908507394175176,Mutual + Linear-SVM,unconscious,unconscious,False,Image,False,7,6,3,4
521,01,lh-inferiorparietal,0.6363636363636364,0.3522727272727273,0.625,0.6741629968563084,Mutual + Linear-SVM,unconscious,unconscious,False,Image,False,8,5,3,3
522,01,lh-inferiorparietal,0.5,0.040291148201269014,0.36363636363636365,0.6556472043201549,Mutual + Linear-SVM,unconscious,unconscious,False,Image,False,6,2,2,5
523,01,lh-inferiorparietal,0.2545454545454545,-0.40451991747794525,0.15384615384615385,0.6667045022811418,Mutual + Linear-SVM,unconscious,unconscious,False,Image,False,4,1,4,7
524,01,lh-inferiorparietal,0.6493506493506493,0.2987012987012987,0.5714285714285714,0.6700694908287276,Mutual + Linear-SVM,unconscious,unconscious,False,Image,False,8,4,3,3
525,01,lh-inferiorparietal,0.1818181818181818,-0.5698028822981898,0.125,0.7140646173835208,Mutual + Linear-SVM,unconscious,unconscious,False,Image,False,3,1,6,8
526,01,lh-inferiorparietal,0.4793388429752066,-0.09245003270420485,0.39999999999999997,0.7044167229702297,Mutual + Linear-SVM,unconscious,unconscious,False,Image,False,6,4,7,5
527,01,lh-inferiorparietal,0.303030303030303,-0.3825184261187248,0.25,0.7025065937264511,Mutual + Linear-SVM,unconscious,unconscious,False,Image,False,3,2,4,8
528,01,lh-inferiorparietal,0.2909090909090909,-0.3133397807202561,0.26666666666666666,0.6693797874830499,Mutual + Linear-SVM,unconscious,unconscious,False,Image,False,3,2,3,8
529,01,lh-inferiorparietal,0.7,0.3,0.5,0.6448733106602705,Mutual + Linear-SVM,unconscious,unconscious,False,Image,False,4,1,1,1
530,01,lh-inferiorparietal,0.27499999999999997,-0.35,0.3076923076923077,0.7525408081412188,Mutual + Linear-SVM,unconscious,unconscious,False,Image,False,2,2,6,3
531,01,lh-inferiorparietal,0.3384615384615385,-0.1941450686788302,0.4761904761904762,0.7707235097065459,Mutual + Linear-SVM,unconscious,unconscious,False,Image,False,2,5,8,3
532,01,lh-inferiorparietal,0.5333333333333332,0.14907119849998599,0.6250000000000001,0.7293020661813017,Mutual + Linear-SVM,unconscious,unconscious,False,Image,False,3,5,4,2
533,01,lh-inferiorparietal,0.19999999999999996,-0.5477225575051661,0.0,0.6737735274469313,Mutual + Linear-SVM,unconscious,unconscious,False,Image,False,2,0,2,3
534,01,lh-inferiorparietal,0.56,0.2182178902359924,0.5,0.6897612742427551,Mutual + Linear-SVM,unconscious,unconscious,False,Image,False,4,2,3,1
535,01,lh-inferiorparietal,0.425,-0.025,0.4615384615384615,0.738950979136245,Mutual + Linear-SVM,unconscious,unconscious,False,Image,False,3,3,5,2
536,01,lh-inferiorparietal,0.6,0.2,0.6,0.6904590522685736,Mutual + Linear-SVM,unconscious,unconscious,False,Image,False,3,3,2,2
537,01,lh-inferiorparietal,0.475,-0.025,0.4615384615384615,0.724623262179696,Mutual + Linear-SVM,unconscious,unconscious,False,Image,False,3,3,5,2
538,01,lh-inferiorparietal,0.37777777777777777,-0.25819888974716115,0.4,0.7407775560355593,Mutual + Linear-SVM,unconscious,unconscious,False,Image,False,2,3,6,3
539,01,lh-inferiorparietal,0.3428571428571428,-0.11952286093343936,0.36363636363636365,0.7346069018106274,Mutual + Linear-SVM,unconscious,unconscious,False,Image,False,3,2,5,2
540,01,lh-inferiorparietal,0.3,-0.06900655593423542,0.4,0.7373172853921858,Mutual + Linear-SVM,unconscious,unconscious,False,Image,False,3,2,4,2
541,01,lh-inferiorparietal,0.45454545454545453,0.13483997249264842,0.631578947368421,0.7576462524320449,Mutual + Linear-SVM,unconscious,unconscious,False,Image,False,3,6,5,2
542,01,lh-inferiorparietal,0.56,0.2,0.6,0.702427721286883,Mutual + Linear-SVM,unconscious,unconscious,False,Image,False,3,3,2,2
543,01,lh-inferiorparietal,0.4666666666666667,0.04303314829119352,0.5333333333333333,0.730957193648016,Mutual + Linear-SVM,unconscious,unconscious,False,Image,False,3,4,5,2
544,01,lh-inferiorparietal,0.09999999999999998,-0.6708203932499369,0.0,0.7641613877300727,Mutual + Linear-SVM,unconscious,unconscious,False,Image,False,2,0,6,3
545,01,lh-inferiorparietal,0.1333333333333333,-0.6708203932499369,0.0,0.7562031233533731,Mutual + Linear-SVM,unconscious,unconscious,False,Image,False,2,0,6,3
546,01,lh-inferiorparietal,0.3733333333333333,0.0,0.5217391304347827,0.7651335083683326,Mutual + Linear-SVM,unconscious,unconscious,False,Image,False,3,6,9,2
547,01,lh-inferiorparietal,0.4,-0.1,0.4,0.7421602361579769,Mutual + Linear-SVM,unconscious,unconscious,False,Image,False,3,3,7,2
548,01,lh-inferiorparietal,0.39999999999999997,-0.15811388300841897,0.28571428571428575,0.6940678353355616,Mutual + Linear-SVM,unconscious,unconscious,False,Image,False,3,1,3,2
549,01,lh-inferiorparietal,0.24,-0.408248290463863,0.22222222222222224,0.7366088577987975,Mutual + Linear-SVM,unconscious,unconscious,False,Image,False,2,1,4,3
550,01,lh-inferiorparietal,0.33333333333333326,-0.26666666666666666,0.3636363636363636,0.7339126089894915,Mutual + Linear-SVM,unconscious,unconscious,False,Image,False,2,2,4,3
551,01,lh-inferiorparietal,0.35,-0.21957751641341997,0.42857142857142855,0.761124156844934,Mutual + Linear-SVM,unconscious,unconscious,False,Image,False,2,3,5,3
552,01,lh-inferiorparietal,0.2533333333333333,-0.30261376633440124,0.36363636363636365,0.7866171124383873,Mutual + Linear-SVM,unconscious,unconscious,False,Image,False,2,4,11,3
553,01,lh-inferiorparietal,0.29999999999999993,-0.4485426135725303,0.2,0.725171745394598,Mutual + Linear-SVM,unconscious,unconscious,False,Image,False,2,1,5,3
554,01,lh-inferiorparietal,0.64,0.09449111825230681,0.588235294117647,0.7319683063100723,Mutual + Linear-SVM,unconscious,unconscious,False,Image,False,3,5,5,2
555,01,lh-inferiorparietal,0.5,0.09759000729485333,0.5714285714285715,0.7294400981726086,Mutual + Linear-SVM,unconscious,unconscious,False,Image,False,3,4,4,2
556,01,lh-inferiorparietal,0.39999999999999997,-0.06900655593423542,0.4,0.7154463700396233,Mutual + Linear-SVM,unconscious,unconscious,False,Image,False,3,2,4,2
557,01,lh-inferiorparietal,0.5,-0.2581988897471611,0.0,0.6594938239527874,Mutual + Linear-SVM,unconscious,unconscious,False,Image,False,4,0,2,1
558,01,lh-inferiorparietal,0.55,0.21957751641341997,0.6666666666666666,0.7156569885794433,Mutual + Linear-SVM,unconscious,unconscious,False,Image,False,3,5,3,2
559,01,lh-inferiorparietal,0.56,0.2182178902359924,0.5,0.7021083620798463,Mutual + Linear-SVM,unconscious,unconscious,False,Image,False,4,2,3,1
560,01,lh-inferiorparietal,0.47272727272727266,0.050964719143762556,0.5555555555555556,0.7603534198779459,Mutual + Linear-SVM,unconscious,unconscious,False,Image,False,3,5,6,2
561,01,lh-inferiorparietal,0.375,-0.21957751641341997,0.42857142857142855,0.7503442569349054,Mutual + Linear-SVM,unconscious,unconscious,False,Image,False,2,3,5,3
562,01,lh-inferiorparietal,0.27999999999999997,-0.408248290463863,0.22222222222222224,0.7064937092123968,Mutual + Linear-SVM,unconscious,unconscious,False,Image,False,2,1,4,3
563,01,lh-inferiorparietal,0.27999999999999997,-0.408248290463863,0.22222222222222224,0.7184279011354326,Mutual + Linear-SVM,unconscious,unconscious,False,Image,False,2,1,4,3
564,01,lh-inferiorparietal,0.36,-0.1,0.4,0.7501279228040361,Mutual + Linear-SVM,unconscious,unconscious,False,Image,False,3,3,7,2
565,01,lh-inferiorparietal,0.29999999999999993,-0.4485426135725303,0.2,0.7249531298549174,Mutual + Linear-SVM,unconscious,unconscious,False,Image,False,2,1,5,3
566,01,lh-inferiorparietal,0.525,0.21957751641341997,0.6666666666666666,0.7315141447209518,Mutual + Linear-SVM,unconscious,unconscious,False,Image,False,3,5,3,2
567,01,lh-inferiorparietal,0.55,0.05976143046671968,0.3333333333333333,0.6842871390278185,Mutual + Linear-SVM,unconscious,unconscious,False,Image,False,4,1,3,1
568,01,lh-inferiorparietal,0.28888888888888886,-0.37777777777777777,0.2857142857142857,0.7550350724570538,Mutual + Linear-SVM,unconscious,unconscious,False,Image,False,2,2,7,3
569,01,lh-inferiorparietal,0.6,0.21957751641341997,0.6666666666666666,0.716027806185185,Mutual + Linear-SVM,unconscious,unconscious,False,Image,False,3,5,3,2
570,01,lh-inferiorparietal,0.45,-0.15811388300841897,0.28571428571428575,0.6859401423639196,Mutual + Linear-SVM,unconscious,unconscious,False,Image,False,3,1,3,2
571,01,lh-inferiorparietal,0.24,-0.408248290463863,0.22222222222222224,0.7109381769507096,Mutual + Linear-SVM,unconscious,unconscious,False,Image,False,2,1,4,3
572,01,lh-inferiorparietal,0.5428571428571428,0.1690308509457033,0.6153846153846153,0.7066987014095681,Mutual + Linear-SVM,unconscious,unconscious,False,Image,False,3,4,3,2
573,01,lh-inferiorparietal,0.14285714285714282,-0.47809144373375745,0.18181818181818182,0.8144373321937994,Mutual + Linear-SVM,unconscious,unconscious,False,Image,False,2,1,6,3
574,01,lh-inferiorparietal,0.45454545454545453,0.050964719143762556,0.5555555555555556,0.7573382081834563,Mutual + Linear-SVM,unconscious,unconscious,False,Image,False,3,5,6,2
575,01,lh-inferiorparietal,0.2666666666666666,-0.4485426135725303,0.2,0.7572810190507262,Mutual + Linear-SVM,unconscious,unconscious,False,Image,False,2,1,5,3
576,01,lh-inferiorparietal,0.4,-0.2,0.4000000000000001,0.711717129214317,Mutual + Linear-SVM,unconscious,unconscious,False,Image,False,2,2,3,3
577,01,lh-inferiorparietal,0.6153846153846154,0.026207120918047958,0.22222222222222224,0.6149836799576376,Mutual + Linear-SVM,unconscious,unconscious,False,Image,False,7,1,1,6
578,01,lh-inferiorparietal,0.27884615384615385,-0.4300756154038903,0.2105263157894737,0.6886019451552521,Mutual + Linear-SVM,unconscious,unconscious,False,Image,False,4,2,6,9
579,01,lh-inferiorparietal,0.5443786982248521,0.1543033499620919,0.5599999999999999,0.7000174020317314,Mutual + Linear-SVM,unconscious,unconscious,False,Image,False,8,7,6,5
580,01,lh-inferiorparietal,0.7692307692307692,0.4358974358974359,0.6666666666666666,0.6671278050830668,Mutual + Linear-SVM,unconscious,unconscious,False,Image,False,10,6,3,3
581,01,lh-inferiorparietal,0.11538461538461536,-0.4803844614152614,0.0,0.6306091605637075,Mutual + Linear-SVM,unconscious,unconscious,False,Image,False,4,0,2,9
582,01,lh-inferiorparietal,0.7846153846153847,0.5635445125120265,0.6666666666666665,0.6335194316923295,Mutual + Linear-SVM,unconscious,unconscious,False,Image,False,12,3,2,1
583,01,lh-inferiorparietal,0.47115384615384615,-0.08492077756084468,0.35294117647058826,0.6684865453016519,Mutual + Linear-SVM,unconscious,unconscious,False,Image,False,7,3,5,6
584,01,lh-inferiorparietal,0.7846153846153847,0.35082320772281167,0.5454545454545454,0.6371720944686345,Mutual + Linear-SVM,unconscious,unconscious,False,Image,False,10,3,2,3
585,01,lh-inferiorparietal,0.5096153846153846,-0.1589409883014377,0.33333333333333326,0.6709246794326118,Mutual + Linear-SVM,unconscious,unconscious,False,Image,False,6,3,5,7
586,01,lh-inferiorparietal,0.6239316239316239,0.24786324786324787,0.5555555555555556,0.6663639294435852,Mutual + Linear-SVM,unconscious,unconscious,False,Image,False,9,5,4,4
587,01,lh-inferiorparietal,0.5054945054945055,0.12087912087912088,0.42857142857142855,0.6647625149433263,Mutual + Linear-SVM,unconscious,unconscious,False,Image,False,9,3,4,4
588,01,lh-inferiorparietal,0.34615384615384615,-0.19096396641051544,0.26666666666666666,0.66395385203822,Mutual + Linear-SVM,unconscious,unconscious,False,Image,False,6,2,4,7
589,01,lh-inferiorparietal,0.6293706293706294,0.2508726030021272,0.6086956521739131,0.6854207491093222,Mutual + Linear-SVM,unconscious,unconscious,False,Image,False,8,7,4,5
590,01,lh-inferiorparietal,0.7846153846153847,0.5635445125120265,0.6666666666666665,0.6412128915986304,Mutual + Linear-SVM,unconscious,unconscious,False,Image,False,12,3,2,1
591,01,lh-inferiorparietal,0.5982905982905983,0.16878989451394444,0.5263157894736842,0.6656138121284563,Mutual + Linear-SVM,unconscious,unconscious,False,Image,False,8,5,4,5
592,01,lh-inferiorparietal,0.24358974358974356,-0.41773367652300253,0.13333333333333333,0.6672840558953066,Mutual + Linear-SVM,unconscious,unconscious,False,Image,False,5,1,5,8
593,01,lh-inferiorparietal,0.5,0.03580574370197164,0.4,0.6573097917542008,Mutual + Linear-SVM,unconscious,unconscious,False,Image,False,7,3,3,6
594,01,lh-inferiorparietal,0.6358974358974359,0.2923076923076923,0.6428571428571429,0.6998114150011959,Mutual + Linear-SVM,unconscious,unconscious,False,Image,False,9,9,6,4
595,01,lh-inferiorparietal,0.6923076923076924,0.38932432055219274,0.6666666666666666,0.6702895372692901,Mutual + Linear-SVM,unconscious,unconscious,False,Image,False,9,7,3,4
596,01,lh-inferiorparietal,0.5576923076923077,-0.1194880298498108,0.2,0.6384554227020538,Mutual + Linear-SVM,unconscious,unconscious,False,Image,False,8,1,3,5
597,01,lh-inferiorparietal,0.1846153846153846,-0.4437601569801833,0.13333333333333333,0.6602150114195291,Mutual + Linear-SVM,unconscious,unconscious,False,Image,False,4,1,4,9
598,01,lh-inferiorparietal,0.5128205128205128,0.02564102564102564,0.3333333333333333,0.6630490334333881,Mutual + Linear-SVM,unconscious,unconscious,False,Image,False,9,2,4,4
599,01,lh-inferiorparietal,0.5576923076923077,0.03739787960033829,0.4444444444444445,0.6675231032466253,Mutual + Linear-SVM,unconscious,unconscious,False,Image,False,7,4,4,6
600,01,lh-inferiorparietal,0.4666666666666667,0.005128205128205128,0.5,0.7118654668153217,Mutual + Linear-SVM,unconscious,unconscious,False,Image,False,7,7,8,6
601,01,lh-inferiorparietal,0.5128205128205128,-0.19096396641051544,0.26666666666666666,0.6541350281974865,Mutual + Linear-SVM,unconscious,unconscious,False,Image,False,6,2,4,7
602,01,lh-inferiorparietal,0.5923076923076923,0.015626907697949846,0.4210526315789474,0.6750646042699359,Mutual + Linear-SVM,unconscious,unconscious,False,Image,False,8,4,6,5
603,01,lh-inferiorparietal,0.6057692307692307,0.19230769230769232,0.5,0.6618757464836758,Mutual + Linear-SVM,unconscious,unconscious,False,Image,False,9,4,4,4
604,01,lh-inferiorparietal,0.782051282051282,0.4200412794412907,0.6153846153846153,0.6428023735580285,Mutual + Linear-SVM,unconscious,unconscious,False,Image,False,10,4,2,3
605,01,lh-inferiorparietal,0.6923076923076923,-0.026207120918047958,0.2,0.6087499800068501,Mutual + Linear-SVM,unconscious,unconscious,False,Image,False,6,1,1,7
606,01,lh-inferiorparietal,0.7596153846153846,0.3942307692307692,0.625,0.6564136359030925,Mutual + Linear-SVM,unconscious,unconscious,False,Image,False,10,5,3,3
607,01,lh-inferiorparietal,0.5692307692307692,0.08770580193070292,0.3636363636363636,0.6499302601692412,Mutual + Linear-SVM,unconscious,unconscious,False,Image,False,9,2,3,4
608,01,lh-inferiorparietal,0.5524475524475524,0.07067534927402196,0.47619047619047616,0.6903909145209367,Mutual + Linear-SVM,unconscious,unconscious,False,Image,False,8,5,6,5
609,01,lh-inferiorparietal,0.4423076923076923,-0.08492077756084468,0.35294117647058826,0.6817422923885194,Mutual + Linear-SVM,unconscious,unconscious,False,Image,False,7,3,5,6
610,01,lh-inferiorparietal,0.2769230769230769,-0.4437601569801833,0.13333333333333333,0.652750263569715,Mutual + Linear-SVM,unconscious,unconscious,False,Image,False,4,1,4,9
611,01,lh-inferiorparietal,0.6153846153846153,0.26519741765271837,0.4444444444444445,0.6449903105331595,Mutual + Linear-SVM,unconscious,unconscious,False,Image,False,11,2,3,2
612,01,lh-inferiorparietal,0.5076923076923077,0.11538461538461539,0.5,0.6861487095524937,Mutual + Linear-SVM,unconscious,unconscious,False,Image,False,8,5,5,5
613,01,lh-inferiorparietal,0.47435897435897434,0.03580574370197164,0.4,0.6609659911985171,Mutual + Linear-SVM,unconscious,unconscious,False,Image,False,7,3,3,6
614,01,lh-inferiorparietal,0.5,0.11322770341445958,0.47058823529411764,0.6747193917150047,Mutual + Linear-SVM,unconscious,unconscious,False,Image,False,8,4,4,5
615,01,lh-inferiorparietal,0.5576923076923077,-0.09944903161976938,0.28571428571428575,0.6355658871262396,Mutual + Linear-SVM,unconscious,unconscious,False,Image,False,5,2,2,8
616,01,lh-inferiorparietal,0.6153846153846154,0.016878989451394443,0.4761904761904762,0.6751830537660996,Mutual + Linear-SVM,unconscious,unconscious,False,Image,False,6,5,4,7
617,01,lh-inferiorparietal,0.7211538461538461,0.4853626716970755,0.6666666666666666,0.6505437343571279,Mutual + Linear-SVM,unconscious,unconscious,False,Image,False,11,5,3,2
618,01,lh-inferiorparietal,0.7884615384615385,0.1706971854997297,0.4,0.632885117939252,Mutual + Linear-SVM,unconscious,unconscious,False,Image,False,9,2,2,4
619,01,lh-inferiorparietal,0.38461538461538464,-0.12403473458920847,0.2857142857142857,0.6567224703494702,Mutual + Linear-SVM,unconscious,unconscious,False,Image,False,6,2,3,7
620,01,lh-inferiorparietal,0.7912087912087912,0.43463356032809364,0.6153846153846153,0.63773411433844,Mutual + Linear-SVM,unconscious,unconscious,False,Image,False,11,4,3,2
621,01,lh-inferiorparietal,0.3626373626373626,-0.10482848367219183,0.3529411764705882,0.6855888566819837,Mutual + Linear-SVM,unconscious,unconscious,False,Image,False,6,3,4,7
622,01,lh-inferiorparietal,0.7132867132867133,0.24029618753167464,0.5714285714285713,0.6826478685626625,Mutual + Linear-SVM,unconscious,unconscious,False,Image,False,9,6,5,4
623,01,lh-inferiorparietal,0.3846153846153846,-0.19096396641051544,0.26666666666666666,0.6638732764468891,Mutual + Linear-SVM,unconscious,unconscious,False,Image,False,6,2,4,7
624,01,lh-inferiorparietal,0.4769230769230769,-0.26856632724128343,0.25000000000000006,0.6484832081099801,Mutual + Linear-SVM,unconscious,unconscious,False,Image,False,4,2,3,9
625,01,lh-inferiorparietal,0.19999999999999996,-0.5477225575051661,0.0,0.6629202124229412,Mutual + Linear-SVM,unconscious,unconscious,False,Image,False,2,0,2,3
626,01,lh-inferiorparietal,0.22499999999999998,-0.5006939628599933,0.16666666666666666,0.7552974554033136,Mutual + Linear-SVM,unconscious,unconscious,False,Image,False,2,1,7,3
627,01,lh-inferiorparietal,0.27692307692307694,-0.12403473458920847,0.5454545454545455,0.7931246449584073,Mutual + Linear-SVM,unconscious,unconscious,False,Image,False,2,6,7,3
628,01,lh-inferiorparietal,0.2666666666666666,-0.37777777777777777,0.2857142857142857,0.7345015800796441,Mutual + Linear-SVM,unconscious,unconscious,False,Image,False,2,2,7,3
629,01,lh-inferiorparietal,0.09999999999999998,-0.5477225575051661,0.0,0.6861098834988912,Mutual + Linear-SVM,unconscious,unconscious,False,Image,False,2,0,2,3
630,01,lh-inferiorparietal,0.39999999999999997,-0.408248290463863,0.22222222222222224,0.702543794358429,Mutual + Linear-SVM,unconscious,unconscious,False,Image,False,2,1,4,3
631,01,lh-inferiorparietal,0.24999999999999997,-0.5006939628599933,0.16666666666666666,0.740451754216134,Mutual + Linear-SVM,unconscious,unconscious,False,Image,False,2,1,7,3
632,01,lh-inferiorparietal,0.36,-0.2,0.4000000000000001,0.7004868112019337,Mutual + Linear-SVM,unconscious,unconscious,False,Image,False,2,2,3,3
633,01,lh-inferiorparietal,0.44999999999999996,-0.21957751641341997,0.42857142857142855,0.7244832016502846,Mutual + Linear-SVM,unconscious,unconscious,False,Image,False,2,3,5,3
634,01,lh-inferiorparietal,0.19999999999999998,-0.37777777777777777,0.2857142857142857,0.751272460990293,Mutual + Linear-SVM,unconscious,unconscious,False,Image,False,2,2,7,3
635,01,lh-inferiorparietal,0.3142857142857143,-0.3142857142857143,0.3333333333333333,0.7396067327677089,Mutual + Linear-SVM,unconscious,unconscious,False,Image,False,2,2,5,3
636,01,lh-inferiorparietal,0.33333333333333326,-0.4485426135725303,0.2,0.7236695817498291,Mutual + Linear-SVM,unconscious,unconscious,False,Image,False,2,1,5,3
637,01,lh-inferiorparietal,0.19999999999999996,-0.7125253031944253,0.0,0.7761080530150173,Mutual + Linear-SVM,unconscious,unconscious,False,Image,False,2,0,11,3
638,01,lh-inferiorparietal,0.32,-0.2,0.4000000000000001,0.704612437081422,Mutual + Linear-SVM,unconscious,unconscious,False,Image,False,2,2,3,3
639,01,lh-inferiorparietal,0.4444444444444444,-0.18856180831641267,0.30769230769230765,0.732190575352336,Mutual + Linear-SVM,unconscious,unconscious,False,Image,False,3,2,7,2
640,01,lh-inferiorparietal,0.16666666666666663,-0.6708203932499369,0.0,0.7600594757313633,Mutual + Linear-SVM,unconscious,unconscious,False,Image,False,2,0,6,3
641,01,lh-inferiorparietal,0.19999999999999996,-0.4485426135725303,0.2,0.7358787708267731,Mutual + Linear-SVM,unconscious,unconscious,False,Image,False,2,1,5,3
642,01,lh-inferiorparietal,0.4,-0.060522753266880246,0.4545454545454545,0.7677099641599969,Mutual + Linear-SVM,unconscious,unconscious,False,Image,False,3,5,10,2
643,01,lh-inferiorparietal,0.39999999999999997,-0.18898223650461363,0.47058823529411764,0.7391568235826502,Mutual + Linear-SVM,unconscious,unconscious,False,Image,False,2,4,6,3
644,01,lh-inferiorparietal,0.19999999999999996,-0.6324555320336759,0.0,0.6987657811106843,Mutual + Linear-SVM,unconscious,unconscious,False,Image,False,2,0,4,3
645,01,lh-inferiorparietal,0.12,-0.408248290463863,0.22222222222222224,0.733759222912191,Mutual + Linear-SVM,unconscious,unconscious,False,Image,False,2,1,4,3
646,01,lh-inferiorparietal,0.09999999999999998,-0.6708203932499369,0.0,0.7394230591154528,Mutual + Linear-SVM,unconscious,unconscious,False,Image,False,2,0,6,3
647,01,lh-inferiorparietal,0.35,-0.21957751641341997,0.42857142857142855,0.7506033757804299,Mutual + Linear-SVM,unconscious,unconscious,False,Image,False,2,3,5,3
648,01,lh-inferiorparietal,0.22666666666666663,-0.4666666666666667,0.2,0.7837849169425437,Mutual + Linear-SVM,unconscious,unconscious,False,Image,False,2,2,13,3
649,01,lh-inferiorparietal,0.19999999999999996,-0.6708203932499369,0.0,0.7217037635360269,Mutual + Linear-SVM,unconscious,unconscious,False,Image,False,2,0,6,3
650,01,lh-inferiorparietal,0.36000000000000004,-0.09449111825230681,0.5555555555555556,0.7397227771254016,Mutual + Linear-SVM,unconscious,unconscious,False,Image,False,2,5,5,3
651,01,lh-inferiorparietal,0.19999999999999998,-0.5006939628599933,0.16666666666666666,0.7392161771197077,Mutual + Linear-SVM,unconscious,unconscious,False,Image,False,2,1,7,3
652,01,lh-inferiorparietal,0.36666666666666664,-0.2608745973749754,0.2222222222222222,0.7105934427525014,Mutual + Linear-SVM,unconscious,unconscious,False,Image,False,3,1,5,2
653,01,lh-inferiorparietal,0.3,-0.5477225575051661,0.0,0.6640948386384883,Mutual + Linear-SVM,unconscious,unconscious,False,Image,False,2,0,2,3
654,01,lh-inferiorparietal,0.35,-0.09759000729485333,0.5333333333333333,0.72084803497173,Mutual + Linear-SVM,unconscious,unconscious,False,Image,False,2,4,4,3
655,01,lh-inferiorparietal,0.27999999999999997,-0.2,0.4000000000000001,0.7077390553685247,Mutual + Linear-SVM,unconscious,unconscious,False,Image,False,2,2,3,3
656,01,lh-inferiorparietal,0.23636363636363633,-0.3133397807202561,0.3529411764705882,0.7679850915374316,Mutual + Linear-SVM,unconscious,unconscious,False,Image,False,2,3,8,3
657,01,lh-inferiorparietal,0.35,-0.35,0.3076923076923077,0.7788984766415902,Mutual + Linear-SVM,unconscious,unconscious,False,Image,False,2,2,6,3
658,01,lh-inferiorparietal,0.19999999999999996,-0.6546536707079772,0.0,0.7115094438427124,Mutual + Linear-SVM,unconscious,unconscious,False,Image,False,2,0,5,3
659,01,lh-inferiorparietal,0.11999999999999997,-0.6546536707079772,0.0,0.7233143414569536,Mutual + Linear-SVM,unconscious,unconscious,False,Image,False,2,0,5,3
660,01,lh-inferiorparietal,0.26,-0.28867513459481287,0.37499999999999994,0.76332480390686,Mutual + Linear-SVM,unconscious,unconscious,False,Image,False,2,3,7,3
661,01,lh-inferiorparietal,0.19999999999999998,-0.4485426135725303,0.2,0.7379929951633414,Mutual + Linear-SVM,unconscious,unconscious,False,Image,False,2,1,5,3
662,01,lh-inferiorparietal,0.30000000000000004,-0.09759000729485333,0.5333333333333333,0.7366132303659001,Mutual + Linear-SVM,unconscious,unconscious,False,Image,False,2,4,4,3
663,01,lh-inferiorparietal,0.15,-0.35,0.25,0.7040746143584623,Mutual + Linear-SVM,unconscious,unconscious,False,Image,False,2,1,3,3
664,01,lh-inferiorparietal,0.22222222222222218,-0.5185449728701348,0.15384615384615383,0.7412941781709211,Mutual + Linear-SVM,unconscious,unconscious,False,Image,False,2,1,8,3
665,01,lh-inferiorparietal,0.475,-0.15811388300841897,0.3333333333333333,0.7212477269244353,Mutual + Linear-SVM,unconscious,unconscious,False,Image,False,3,2,6,2
666,01,lh-inferiorparietal,0.24999999999999997,-0.35,0.25,0.6985702912804985,Mutual + Linear-SVM,unconscious,unconscious,False,Image,False,2,1,3,3
667,01,lh-inferiorparietal,0.15999999999999998,-0.408248290463863,0.22222222222222224,0.7210171170662573,Mutual + Linear-SVM,unconscious,unconscious,False,Image,False,2,1,4,3
668,01,lh-inferiorparietal,0.48571428571428565,0.02857142857142857,0.5,0.7167244619901966,Mutual + Linear-SVM,unconscious,unconscious,False,Image,False,3,3,4,2
669,01,lh-inferiorparietal,0.14285714285714285,-0.47809144373375745,0.18181818181818182,0.7926736838748812,Mutual + Linear-SVM,unconscious,unconscious,False,Image,False,2,1,6,3
670,01,lh-inferiorparietal,0.21818181818181817,-0.3133397807202561,0.3529411764705882,0.7586820435172553,Mutual + Linear-SVM,unconscious,unconscious,False,Image,False,2,3,8,3
671,01,lh-inferiorparietal,0.16666666666666663,-0.4485426135725303,0.2,0.753240562658176,Mutual + Linear-SVM,unconscious,unconscious,False,Image,False,2,1,5,3
672,01,lh-inferiorparietal,0.19999999999999998,-0.408248290463863,0.22222222222222224,0.7203141966276456,Mutual + Linear-SVM,unconscious,unconscious,False,Image,False,2,1,4,3
673,01,lh-inferiorparietal,0.7083333333333334,0.05892556509887897,0.25,0.6170175486057567,Mutual + Linear-SVM,unconscious,unconscious,False,Image,False,7,1,1,5
674,01,lh-inferiorparietal,0.5104166666666667,0.08206099398622181,0.47058823529411764,0.6771587760507345,Mutual + Linear-SVM,unconscious,unconscious,False,Image,False,7,4,4,5
675,01,lh-inferiorparietal,0.4230769230769231,-0.038461538461538464,0.48000000000000004,0.7150943026760304,Mutual + Linear-SVM,unconscious,unconscious,False,Image,False,6,6,7,6
676,01,lh-inferiorparietal,0.5740740740740741,0.11322770341445958,0.47058823529411764,0.6790805391472454,Mutual + Linear-SVM,unconscious,unconscious,False,Image,False,8,4,5,4
677,01,lh-inferiorparietal,0.25,-0.40824829046386296,0.0,0.6234009245339179,Mutual + Linear-SVM,unconscious,unconscious,False,Image,False,5,0,2,7
678,01,lh-inferiorparietal,0.6833333333333333,0.24688535993934707,0.5,0.6433114359615613,Mutual + Linear-SVM,unconscious,unconscious,False,Image,False,8,3,2,4
679,01,lh-inferiorparietal,0.5104166666666666,0.16666666666666666,0.5,0.6771922101076127,Mutual + Linear-SVM,unconscious,unconscious,False,Image,False,8,4,4,4
680,01,lh-inferiorparietal,0.4333333333333333,-0.015430334996209192,0.3333333333333333,0.6558226330245747,Mutual + Linear-SVM,unconscious,unconscious,False,Image,False,7,2,3,5
681,01,lh-inferiorparietal,0.6875,0.408248290463863,0.6666666666666665,0.6640042687301994,Mutual + Linear-SVM,unconscious,unconscious,False,Image,False,8,6,2,4
682,01,lh-inferiorparietal,0.5555555555555556,0.027777777777777776,0.4444444444444444,0.6783499463065417,Mutual + Linear-SVM,unconscious,unconscious,False,Image,False,7,4,5,5
683,01,lh-inferiorparietal,0.4642857142857143,-0.14951420452417674,0.3529411764705882,0.669912628028593,Mutual + Linear-SVM,unconscious,unconscious,False,Image,False,5,3,4,7
684,01,lh-inferiorparietal,0.4583333333333333,0.0,0.4,0.6623285326895861,Mutual + Linear-SVM,unconscious,unconscious,False,Image,False,6,3,3,6
685,01,lh-inferiorparietal,0.4772727272727273,0.12406456138646277,0.5,0.7009542990251854,Mutual + Linear-SVM,unconscious,unconscious,False,Image,False,8,5,6,4
686,01,lh-inferiorparietal,0.6000000000000001,0.24688535993934707,0.5,0.6468141165813476,Mutual + Linear-SVM,unconscious,unconscious,False,Image,False,8,3,2,4
687,01,lh-inferiorparietal,0.6203703703703703,0.027777777777777776,0.4444444444444444,0.6698362042164077,Mutual + Linear-SVM,unconscious,unconscious,False,Image,False,7,4,5,5
688,01,lh-inferiorparietal,0.37500000000000006,-0.2357022603955158,0.26666666666666666,0.6694349268559265,Mutual + Linear-SVM,unconscious,unconscious,False,Image,False,5,2,4,7
689,01,lh-inferiorparietal,0.41666666666666663,-0.15811388300841897,0.28571428571428575,0.6683231479810744,Mutual + Linear-SVM,unconscious,unconscious,False,Image,False,6,2,4,6
690,01,lh-inferiorparietal,0.6444444444444444,0.26519741765271837,0.6428571428571429,0.7087692456518774,Mutual + Linear-SVM,unconscious,unconscious,False,Image,False,8,9,6,4
691,01,lh-inferiorparietal,0.7083333333333334,0.3544587784792833,0.631578947368421,0.6693939740871686,Mutual + Linear-SVM,unconscious,unconscious,False,Image,False,9,6,4,3
692,01,lh-inferiorparietal,0.6666666666666666,0.0,0.3333333333333333,0.6393094613923787,Mutual + Linear-SVM,unconscious,unconscious,False,Image,False,6,2,2,6
693,01,lh-inferiorparietal,0.43333333333333335,-0.16735967034880075,0.2857142857142857,0.6548611941273051,Mutual + Linear-SVM,unconscious,unconscious,False,Image,False,5,2,3,7
694,01,lh-inferiorparietal,0.5416666666666666,0.07905694150420949,0.42857142857142855,0.6585807711850392,Mutual + Linear-SVM,unconscious,unconscious,False,Image,False,7,3,3,5
695,01,lh-inferiorparietal,0.5729166666666667,0.08206099398622181,0.47058823529411764,0.6751458860321793,Mutual + Linear-SVM,unconscious,unconscious,False,Image,False,7,4,4,5
696,01,lh-inferiorparietal,0.5777777777777777,0.11602387022306429,0.5714285714285715,0.7125050262542345,Mutual + Linear-SVM,unconscious,unconscious,False,Image,False,7,8,7,5
697,01,lh-inferiorparietal,0.513888888888889,-0.08058229640253803,0.30769230769230765,0.6598772937679527,Mutual + Linear-SVM,unconscious,unconscious,False,Image,False,7,2,4,5
698,01,lh-inferiorparietal,0.5083333333333333,-0.18257418583505536,0.380952380952381,0.6874223328257557,Mutual + Linear-SVM,unconscious,unconscious,False,Image,False,5,4,6,7
699,01,lh-inferiorparietal,0.625,0.16666666666666666,0.5,0.670467599920028,Mutual + Linear-SVM,unconscious,unconscious,False,Image,False,8,4,4,4
700,01,lh-inferiorparietal,0.7777777777777777,0.4029114820126901,0.6153846153846153,0.6512291204825645,Mutual + Linear-SVM,unconscious,unconscious,False,Image,False,9,4,2,3
701,01,lh-inferiorparietal,0.8333333333333334,0.2842676218074806,0.4,0.6096076354072055,Mutual + Linear-SVM,unconscious,unconscious,False,Image,False,10,1,1,2
702,01,lh-inferiorparietal,0.8020833333333334,0.375,0.625,0.6686813070222832,Mutual + Linear-SVM,unconscious,unconscious,False,Image,False,9,5,3,3
703,01,lh-inferiorparietal,0.6833333333333333,0.24688535993934707,0.5,0.6453679910913328,Mutual + Linear-SVM,unconscious,unconscious,False,Image,False,8,3,2,4
704,01,lh-inferiorparietal,0.5378787878787878,0.0381690510345287,0.47619047619047616,0.6951965243251127,Mutual + Linear-SVM,unconscious,unconscious,False,Image,False,7,5,6,5
705,01,lh-inferiorparietal,0.53125,0.08206099398622181,0.47058823529411764,0.6742302944205238,Mutual + Linear-SVM,unconscious,unconscious,False,Image,False,7,4,4,5
706,01,lh-inferiorparietal,0.3666666666666667,-0.34993385618385614,0.15384615384615385,0.6547328591320327,Mutual + Linear-SVM,unconscious,unconscious,False,Image,False,5,1,4,7
707,01,lh-inferiorparietal,0.65,0.06356417261637282,0.3636363636363636,0.6453708224046316,Mutual + Linear-SVM,unconscious,unconscious,False,Image,False,8,2,3,4
708,01,lh-inferiorparietal,0.5,0.08333333333333333,0.5,0.6899431003854951,Mutual + Linear-SVM,unconscious,unconscious,False,Image,False,7,5,5,5
709,01,lh-inferiorparietal,0.625,0.0,0.3333333333333333,0.657056518321904,Mutual + Linear-SVM,unconscious,unconscious,False,Image,False,8,2,4,4
710,01,lh-inferiorparietal,0.625,0.28721347895177635,0.5882352941176471,0.672460565626063,Mutual + Linear-SVM,unconscious,unconscious,False,Image,False,8,5,3,4
711,01,lh-inferiorparietal,0.6666666666666666,0.0,0.3333333333333333,0.6353715781577384,Mutual + Linear-SVM,unconscious,unconscious,False,Image,False,6,2,2,6
712,01,lh-inferiorparietal,0.5740740740740741,0.027777777777777776,0.4444444444444444,0.6784945285574642,Mutual + Linear-SVM,unconscious,unconscious,False,Image,False,7,4,5,5
713,01,lh-inferiorparietal,0.75,0.375,0.625,0.6576954057191673,Mutual + Linear-SVM,unconscious,unconscious,False,Image,False,9,5,3,3
714,01,lh-inferiorparietal,0.75,0.14907119849998599,0.4,0.6356783416588697,Mutual + Linear-SVM,unconscious,unconscious,False,Image,False,8,2,2,4
715,01,lh-inferiorparietal,0.5666666666666667,-0.015430334996209192,0.3333333333333333,0.6507602881070713,Mutual + Linear-SVM,unconscious,unconscious,False,Image,False,7,2,3,5
716,01,lh-inferiorparietal,0.7857142857142856,0.2326210525996177,0.5333333333333333,0.6542576361478405,Mutual + Linear-SVM,unconscious,unconscious,False,Image,False,8,4,3,4
717,01,lh-inferiorparietal,0.33333333333333337,-0.2875273163926476,0.25,0.6861477900260745,Mutual + Linear-SVM,unconscious,unconscious,False,Image,False,5,2,5,7
718,01,lh-inferiorparietal,0.7424242424242424,0.38932432055219274,0.6666666666666666,0.6883002739360613,Mutual + Linear-SVM,unconscious,unconscious,False,Image,False,9,7,4,3
719,01,lh-inferiorparietal,0.5,0.0,0.4,0.6579326043774637,Mutual + Linear-SVM,unconscious,unconscious,False,Image,False,6,3,3,6
720,01,lh-inferiorparietal,0.6500000000000001,0.3337119062359573,0.5454545454545454,0.651080121412364,Mutual + Linear-SVM,unconscious,unconscious,False,Image,False,9,3,2,3
721,01,lh-inferiorparietal,0.5,0.0,0.3333333333333333,0.6465886607469,Mutual + Linear-SVM,unconscious,unconscious,False,Image,False,3,1,1,3
722,01,lh-inferiorparietal,0.39583333333333337,-0.25819888974716115,0.3076923076923077,0.7327397852725547,Mutual + Linear-SVM,unconscious,unconscious,False,Image,False,3,2,6,3
723,01,lh-inferiorparietal,0.37179487179487186,-0.1086310236566852,0.4761904761904762,0.7696375365086019,Mutual + Linear-SVM,unconscious,unconscious,False,Image,False,3,5,8,3
724,01,lh-inferiorparietal,0.6481481481481481,0.3888888888888889,0.6666666666666667,0.7126158084402741,Mutual + Linear-SVM,unconscious,unconscious,False,Image,False,5,5,4,1
725,01,lh-inferiorparietal,0.0,-0.7453559924999299,0.0,0.6735087254243206,Mutual + Linear-SVM,unconscious,unconscious,False,Image,False,1,0,2,5
726,01,lh-inferiorparietal,0.6333333333333333,0.2608745973749754,0.5,0.6786879344164061,Mutual + Linear-SVM,unconscious,unconscious,False,Image,False,5,2,3,1
727,01,lh-inferiorparietal,0.5625,0.28867513459481287,0.6666666666666666,0.7143973833276567,Mutual + Linear-SVM,unconscious,unconscious,False,Image,False,4,5,3,2
728,01,lh-inferiorparietal,0.7000000000000001,0.26666666666666666,0.6,0.6822047209563639,Mutual + Linear-SVM,unconscious,unconscious,False,Image,False,4,3,2,2
729,01,lh-inferiorparietal,0.5833333333333334,0.0,0.5333333333333333,0.7040072921024778,Mutual + Linear-SVM,unconscious,unconscious,False,Image,False,3,4,4,3
730,01,lh-inferiorparietal,0.5925925925925926,0.05455447255899809,0.5882352941176471,0.7159173621122839,Mutual + Linear-SVM,unconscious,unconscious,False,Image,False,3,5,4,3
731,01,lh-inferiorparietal,0.42857142857142855,-0.07142857142857142,0.4615384615384615,0.7168620430454934,Mutual + Linear-SVM,unconscious,unconscious,False,Image,False,3,3,4,3
732,01,lh-inferiorparietal,0.2777777777777778,-0.50709255283711,0.30769230769230765,0.7157414166493167,Mutual + Linear-SVM,unconscious,unconscious,False,Image,False,1,2,4,5
733,01,lh-inferiorparietal,0.3939393939393939,-0.13241022442571243,0.4444444444444444,0.7440748934642738,Mutual + Linear-SVM,unconscious,unconscious,False,Image,False,3,4,7,3
734,01,lh-inferiorparietal,0.7333333333333334,0.4485426135725303,0.6666666666666665,0.6777109348128634,Mutual + Linear-SVM,unconscious,unconscious,False,Image,False,5,3,2,1
735,01,lh-inferiorparietal,0.4444444444444445,-0.21821789023599236,0.47058823529411764,0.7226771536107629,Mutual + Linear-SVM,unconscious,unconscious,False,Image,False,2,4,5,4
736,01,lh-inferiorparietal,0.1388888888888889,-0.50709255283711,0.1818181818181818,0.7211360351453991,Mutual + Linear-SVM,unconscious,unconscious,False,Image,False,2,1,5,4
737,01,lh-inferiorparietal,0.16666666666666666,-0.3535533905932738,0.2,0.740461142855413,Mutual + Linear-SVM,unconscious,unconscious,False,Image,False,3,1,5,3
738,01,lh-inferiorparietal,0.6333333333333333,0.18090680674665818,0.64,0.7435801536892752,Mutual + Linear-SVM,unconscious,unconscious,False,Image,False,4,8,7,2
739,01,lh-inferiorparietal,0.6499999999999999,0.2581988897471611,0.6666666666666665,0.7209520240065332,Mutual + Linear-SVM,unconscious,unconscious,False,Image,False,4,6,4,2
740,01,lh-inferiorparietal,0.41666666666666663,-0.25,0.25,0.6819395516636634,Mutual + Linear-SVM,unconscious,unconscious,False,Image,False,3,1,3,3
741,01,lh-inferiorparietal,0.13333333333333336,-0.6333333333333333,0.1818181818181818,0.7114839132670577,Mutual + Linear-SVM,unconscious,unconscious,False,Image,False,1,1,4,5
742,01,lh-inferiorparietal,0.41666666666666663,-0.1690308509457033,0.3636363636363636,0.7124840075880975,Mutual + Linear-SVM,unconscious,unconscious,False,Image,False,3,2,4,3
743,01,lh-inferiorparietal,0.5208333333333334,0.16666666666666666,0.5714285714285715,0.7346070565693391,Mutual + Linear-SVM,unconscious,unconscious,False,Image,False,4,4,4,2
744,01,lh-inferiorparietal,0.36666666666666664,-0.15504341823651058,0.43478260869565216,0.7629565749989438,Mutual + Linear-SVM,unconscious,unconscious,False,Image,False,3,5,10,3
745,01,lh-inferiorparietal,0.4166666666666667,-0.1690308509457033,0.3636363636363636,0.7038922878909813,Mutual + Linear-SVM,unconscious,unconscious,False,Image,False,3,2,4,3
746,01,lh-inferiorparietal,0.6333333333333333,0.2581988897471611,0.6666666666666665,0.7212205969068606,Mutual + Linear-SVM,unconscious,unconscious,False,Image,False,4,6,4,2
747,01,lh-inferiorparietal,0.5416666666666667,0.16666666666666666,0.5714285714285715,0.7160621242880012,Mutual + Linear-SVM,unconscious,unconscious,False,Image,False,4,4,4,2
748,01,lh-inferiorparietal,0.6666666666666667,0.1690308509457033,0.5454545454545454,0.687625135517694,Mutual + Linear-SVM,unconscious,unconscious,False,Image,False,4,3,3,2
749,01,lh-inferiorparietal,0.5833333333333333,-0.14907119849998599,0.28571428571428575,0.6478996727236839,Mutual + Linear-SVM,unconscious,unconscious,False,Image,False,2,1,1,4
750,01,lh-inferiorparietal,0.75,0.4583333333333333,0.7142857142857143,0.707926808823481,Mutual + Linear-SVM,unconscious,unconscious,False,Image,False,5,5,3,1
751,01,lh-inferiorparietal,0.6333333333333333,0.5163977794943223,0.5714285714285715,0.6841590501904269,Mutual + Linear-SVM,unconscious,unconscious,False,Image,False,6,2,3,0
752,01,lh-inferiorparietal,0.42424242424242425,-0.13241022442571243,0.4444444444444444,0.7494872415047624,Mutual + Linear-SVM,unconscious,unconscious,False,Image,False,3,4,7,3
753,01,lh-inferiorparietal,0.3333333333333333,-0.25819888974716115,0.3076923076923077,0.7490070409209817,Mutual + Linear-SVM,unconscious,unconscious,False,Image,False,3,2,6,3
754,01,lh-inferiorparietal,0.23333333333333334,-0.26666666666666666,0.3636363636363636,0.6983869052907505,Mutual + Linear-SVM,unconscious,unconscious,False,Image,False,2,2,3,4
755,01,lh-inferiorparietal,0.36666666666666664,-0.26666666666666666,0.3636363636363636,0.6973654377203728,Mutual + Linear-SVM,unconscious,unconscious,False,Image,False,2,2,3,4
756,01,lh-inferiorparietal,0.41666666666666663,0.0,0.5555555555555556,0.7516648746613181,Mutual + Linear-SVM,unconscious,unconscious,False,Image,False,3,5,5,3
757,01,lh-inferiorparietal,0.3611111111111111,-0.1690308509457033,0.3636363636363636,0.7126411465313164,Mutual + Linear-SVM,unconscious,unconscious,False,Image,False,3,2,4,3
758,01,lh-inferiorparietal,0.625,0.16666666666666666,0.5714285714285715,0.7094642036768289,Mutual + Linear-SVM,unconscious,unconscious,False,Image,False,4,4,4,2
759,01,lh-inferiorparietal,0.5,0.408248290463863,0.4,0.6682672621782035,Mutual + Linear-SVM,unconscious,unconscious,False,Image,False,6,1,3,0
760,01,lh-inferiorparietal,0.46296296296296297,0.1111111111111111,0.5333333333333333,0.7262225294115854,Mutual + Linear-SVM,unconscious,unconscious,False,Image,False,4,4,5,2
761,01,lh-inferiorparietal,0.6666666666666667,0.28867513459481287,0.6666666666666666,0.6986576629857912,Mutual + Linear-SVM,unconscious,unconscious,False,Image,False,4,5,3,2
762,01,lh-inferiorparietal,0.75,0.16666666666666666,0.5,0.6657129725459479,Mutual + Linear-SVM,unconscious,unconscious,False,Image,False,4,2,2,2
763,01,lh-inferiorparietal,0.30000000000000004,-0.3105295017040594,0.22222222222222224,0.7000092222769541,Mutual + Linear-SVM,unconscious,unconscious,False,Image,False,3,1,4,3
764,01,lh-inferiorparietal,0.7142857142857142,0.23809523809523808,0.6153846153846153,0.6798423138289108,Mutual + Linear-SVM,unconscious,unconscious,False,Image,False,4,4,3,2
765,01,lh-inferiorparietal,0.16666666666666669,-0.5367450401216932,0.16666666666666666,0.7824932105307489,Mutual + Linear-SVM,unconscious,unconscious,False,Image,False,2,1,6,4
766,01,lh-inferiorparietal,0.5303030303030303,0.11769797726729993,0.5555555555555556,0.7370976354901657,Mutual + Linear-SVM,unconscious,unconscious,False,Image,False,4,5,6,2
767,01,lh-inferiorparietal,0.3888888888888889,-0.1690308509457033,0.3636363636363636,0.7262448895905634,Mutual + Linear-SVM,unconscious,unconscious,False,Image,False,3,2,4,3
768,01,lh-inferiorparietal,0.4666666666666667,-0.26666666666666666,0.3636363636363636,0.6888446712542559,Mutual + Linear-SVM,unconscious,unconscious,False,Image,False,2,2,3,4
769,01,lh-inferiorparietal,0.5454545454545454,0.03289758474798845,0.25,0.6348334663944593,Mutual + Linear-SVM,unconscious,unconscious,False,Image,False,6,1,1,5
770,01,lh-inferiorparietal,0.3068181818181818,-0.3820465887291705,0.23529411764705882,0.6964152375926563,Mutual + Linear-SVM,unconscious,unconscious,False,Image,False,4,2,6,7
771,01,lh-inferiorparietal,0.3846153846153846,-0.16083916083916083,0.41666666666666663,0.7244258438861685,Mutual + Linear-SVM,unconscious,unconscious,False,Image,False,5,5,8,6
772,01,lh-inferiorparietal,0.48484848484848486,-0.1919191919191919,0.39999999999999997,0.6915380834837952,Mutual + Linear-SVM,unconscious,unconscious,False,Image,False,4,4,5,7
773,01,lh-inferiorparietal,0.13636363636363635,-0.5393598899705937,0.0,0.643417769712847,Mutual + Linear-SVM,unconscious,unconscious,False,Image,False,3,0,2,8
774,01,lh-inferiorparietal,0.6000000000000001,0.034815531191139566,0.3636363636363636,0.6580030692977634,Mutual + Linear-SVM,unconscious,unconscious,False,Image,False,7,2,3,4
775,01,lh-inferiorparietal,0.2727272727272727,-0.3820465887291705,0.23529411764705882,0.6925826734107252,Mutual + Linear-SVM,unconscious,unconscious,False,Image,False,4,2,6,7
776,01,lh-inferiorparietal,0.2909090909090909,-0.40451991747794525,0.15384615384615385,0.6623296805443136,Mutual + Linear-SVM,unconscious,unconscious,False,Image,False,4,1,4,7
777,01,lh-inferiorparietal,0.5113636363636364,-0.20935894733965593,0.26666666666666666,0.6809239704513641,Mutual + Linear-SVM,unconscious,unconscious,False,Image,False,6,2,6,5
778,01,lh-inferiorparietal,0.32323232323232326,-0.21212121212121213,0.3333333333333333,0.7026084194765467,Mutual + Linear-SVM,unconscious,unconscious,False,Image,False,5,3,6,6
779,01,lh-inferiorparietal,0.4025974025974025,-0.2548235957188128,0.26666666666666666,0.686865864009473,Mutual + Linear-SVM,unconscious,unconscious,False,Image,False,5,2,5,6
780,01,lh-inferiorparietal,0.30303030303030304,-0.29012942659282975,0.26666666666666666,0.6740138009879596,Mutual + Linear-SVM,unconscious,unconscious,False,Image,False,4,2,4,7
781,01,lh-inferiorparietal,0.2809917355371901,-0.3651483716701107,0.28571428571428564,0.715611067515365,Mutual + Linear-SVM,unconscious,unconscious,False,Image,False,4,3,8,7
782,01,lh-inferiorparietal,0.5272727272727272,0.034815531191139566,0.3636363636363636,0.6621251420061375,Mutual + Linear-SVM,unconscious,unconscious,False,Image,False,7,2,3,4
783,01,lh-inferiorparietal,0.40404040404040403,-0.10050378152592121,0.4210526315789474,0.6941208214716903,Mutual + Linear-SVM,unconscious,unconscious,False,Image,False,5,4,5,6
784,01,lh-inferiorparietal,0.13636363636363635,-0.3825184261187248,0.25,0.6759467986853559,Mutual + Linear-SVM,unconscious,unconscious,False,Image,False,3,2,4,8
785,01,lh-inferiorparietal,0.19696969696969696,-0.5367394391967351,0.13333333333333333,0.6958261000821643,Mutual + Linear-SVM,unconscious,unconscious,False,Image,False,3,1,5,8
786,01,lh-inferiorparietal,0.5030303030303029,0.012012499502607453,0.5185185185185186,0.7189233598576815,Mutual + Linear-SVM,unconscious,unconscious,False,Image,False,6,7,8,5
787,01,lh-inferiorparietal,0.4818181818181818,-0.1589409883014377,0.33333333333333326,0.696109753965112,Mutual + Linear-SVM,unconscious,unconscious,False,Image,False,6,3,7,5
788,01,lh-inferiorparietal,0.2727272727272727,-0.3424747597107866,0.16666666666666666,0.6603997362633596,Mutual + Linear-SVM,unconscious,unconscious,False,Image,False,4,1,3,7
789,01,lh-inferiorparietal,0.1818181818181818,-0.40451991747794525,0.15384615384615385,0.6805783836248954,Mutual + Linear-SVM,unconscious,unconscious,False,Image,False,4,1,4,7
790,01,lh-inferiorparietal,0.3333333333333333,-0.2030905986149808,0.28571428571428575,0.6843372841020967,Mutual + Linear-SVM,unconscious,unconscious,False,Image,False,5,2,4,6
791,01,lh-inferiorparietal,0.40909090909090906,0.044946657497549475,0.47058823529411764,0.7040290433810176,Mutual + Linear-SVM,unconscious,unconscious,False,Image,False,6,4,4,5
792,01,lh-inferiorparietal,0.3090909090909091,-0.12309149097933272,0.4,0.7300461809660246,Mutual + Linear-SVM,unconscious,unconscious,False,Image,False,6,5,10,5
793,01,lh-inferiorparietal,0.28787878787878785,-0.4497006112188861,0.14285714285714288,0.6773444696643073,Mutual + Linear-SVM,unconscious,unconscious,False,Image,False,4,1,5,7
794,01,lh-inferiorparietal,0.2909090909090909,-0.14545454545454545,0.4000000000000001,0.7019980255998399,Mutual + Linear-SVM,unconscious,unconscious,False,Image,False,5,4,6,6
795,01,lh-inferiorparietal,0.43181818181818177,-0.2584432806109095,0.33333333333333326,0.6826290985786524,Mutual + Linear-SVM,unconscious,unconscious,False,Image,False,4,3,5,7
796,01,lh-inferiorparietal,0.4242424242424242,-0.2030905986149808,0.28571428571428575,0.6670964175761093,Mutual + Linear-SVM,unconscious,unconscious,False,Image,False,5,2,4,6
797,01,lh-inferiorparietal,0.5,0.0,0.0,0.6385523140826771,Mutual + Linear-SVM,unconscious,unconscious,False,Image,False,11,0,2,0
798,01,lh-inferiorparietal,0.5340909090909091,-0.07954545454545454,0.375,0.6801914882527473,Mutual + Linear-SVM,unconscious,unconscious,False,Image,False,6,3,5,5
799,01,lh-inferiorparietal,0.4727272727272727,0.12727272727272726,0.4000000000000001,0.6641391042626796,Mutual + Linear-SVM,unconscious,unconscious,False,Image,False,8,2,3,3
800,01,lh-inferiorparietal,0.24793388429752067,-0.3651483716701107,0.28571428571428564,0.7094082202215806,Mutual + Linear-SVM,unconscious,unconscious,False,Image,False,4,3,8,7
801,01,lh-inferiorparietal,0.3068181818181818,-0.3820465887291705,0.23529411764705882,0.6965653023167918,Mutual + Linear-SVM,unconscious,unconscious,False,Image,False,4,2,6,7
802,01,lh-inferiorparietal,0.3090909090909091,-0.40451991747794525,0.15384615384615385,0.6623275417615405,Mutual + Linear-SVM,unconscious,unconscious,False,Image,False,4,1,4,7
803,01,lh-inferiorparietal,0.6545454545454545,0.034815531191139566,0.3636363636363636,0.6542682268947627,Mutual + Linear-SVM,unconscious,unconscious,False,Image,False,7,2,3,4
804,01,lh-inferiorparietal,0.18181818181818185,-0.33636363636363636,0.3,0.7126535602967415,Mutual + Linear-SVM,unconscious,unconscious,False,Image,False,4,3,7,7
805,01,lh-inferiorparietal,0.4696969696969696,-0.11769797726729993,0.30769230769230765,0.6682821867183812,Mutual + Linear-SVM,unconscious,unconscious,False,Image,False,6,2,4,5
806,01,lh-inferiorparietal,0.3068181818181818,-0.29545454545454547,0.25,0.6893071735915178,Mutual + Linear-SVM,unconscious,unconscious,False,Image,False,5,2,6,6
807,01,lh-inferiorparietal,0.47727272727272724,0.2069593385961789,0.3333333333333333,0.65532867299043,Mutual + Linear-SVM,unconscious,unconscious,False,Image,False,10,1,3,1
808,01,lh-inferiorparietal,0.3535353535353535,-0.41414141414141414,0.2222222222222222,0.6947853737702584,Mutual + Linear-SVM,unconscious,unconscious,False,Image,False,4,2,7,7
809,01,lh-inferiorparietal,0.5454545454545454,0.011631052629980886,0.39999999999999997,0.6823785123936601,Mutual + Linear-SVM,unconscious,unconscious,False,Image,False,7,3,5,4
810,01,lh-inferiorparietal,0.4318181818181818,-0.10660035817780521,0.22222222222222224,0.6536828726574785,Mutual + Linear-SVM,unconscious,unconscious,False,Image,False,7,1,3,4
811,01,lh-inferiorparietal,0.18181818181818182,-0.49265895172303803,0.14285714285714285,0.6653951555630844,Mutual + Linear-SVM,unconscious,unconscious,False,Image,False,3,1,4,8
812,01,lh-inferiorparietal,0.6623376623376623,0.2987012987012987,0.5714285714285714,0.6678964202484389,Mutual + Linear-SVM,unconscious,unconscious,False,Image,False,8,4,3,3
813,01,lh-inferiorparietal,0.19480519480519476,-0.48416483186574427,0.13333333333333333,0.7105492946256238,Mutual + Linear-SVM,unconscious,unconscious,False,Image,False,4,1,6,7
814,01,lh-inferiorparietal,0.38842975206611574,-0.18257418583505536,0.380952380952381,0.7111654750128777,Mutual + Linear-SVM,unconscious,unconscious,False,Image,False,5,4,7,6
815,01,lh-inferiorparietal,0.30303030303030304,-0.2030905986149808,0.28571428571428575,0.6902174680510553,Mutual + Linear-SVM,unconscious,unconscious,False,Image,False,5,2,4,6
816,01,lh-inferiorparietal,0.14545454545454545,-0.40451991747794525,0.15384615384615385,0.6669544227064699,Mutual + Linear-SVM,unconscious,unconscious,False,Image,False,4,1,4,7
817,01,lh-inferiorparietal,0.5909090909090908,0.10112997936948631,0.28571428571428575,0.6277641472111406,Mutual + Linear-SVM,unconscious,unconscious,False,Image,False,7,1,1,4
818,01,lh-inferiorparietal,0.4431818181818181,-0.07954545454545454,0.375,0.6838445982930784,Mutual + Linear-SVM,unconscious,unconscious,False,Image,False,6,3,5,5
819,01,lh-inferiorparietal,0.39860139860139865,-0.16083916083916083,0.41666666666666663,0.7300615731990397,Mutual + Linear-SVM,unconscious,unconscious,False,Image,False,5,5,8,6
820,01,lh-inferiorparietal,0.6969696969696969,0.6382847385042254,0.7142857142857143,0.6831735409328392,Mutual + Linear-SVM,unconscious,unconscious,False,Image,False,11,5,4,0
821,01,lh-inferiorparietal,0.04545454545454547,-0.6396021490668313,0.0,0.6414004141919768,Mutual + Linear-SVM,unconscious,unconscious,False,Image,False,2,0,2,9
822,01,lh-inferiorparietal,0.7454545454545455,0.3133397807202561,0.5454545454545454,0.6420092493942602,Mutual + Linear-SVM,unconscious,unconscious,False,Image,False,8,3,2,3
823,01,lh-inferiorparietal,0.48863636363636365,0.044946657497549475,0.47058823529411764,0.6814839830560568,Mutual + Linear-SVM,unconscious,unconscious,False,Image,False,6,4,4,5
824,01,lh-inferiorparietal,0.8181818181818182,0.7125253031944253,0.7499999999999999,0.6452009312735775,Mutual + Linear-SVM,unconscious,unconscious,False,Image,False,11,3,2,0
825,01,lh-inferiorparietal,0.5909090909090909,0.044946657497549475,0.47058823529411764,0.6776103120733259,Mutual + Linear-SVM,unconscious,unconscious,False,Image,False,6,4,4,5
826,01,lh-inferiorparietal,0.5757575757575757,-0.08206099398622181,0.4761904761904762,0.6886956028037157,Mutual + Linear-SVM,unconscious,unconscious,False,Image,False,4,5,4,7
827,01,lh-inferiorparietal,0.45454545454545453,-0.2987012987012987,0.33333333333333326,0.6745941040405884,Mutual + Linear-SVM,unconscious,unconscious,False,Image,False,3,3,4,8
828,01,lh-inferiorparietal,0.28787878787878785,-0.29012942659282975,0.26666666666666666,0.677434875264111,Mutual + Linear-SVM,unconscious,unconscious,False,Image,False,4,2,4,7
829,01,lh-inferiorparietal,0.42975206611570244,-0.18257418583505536,0.43478260869565216,0.7052985751488257,Mutual + Linear-SVM,unconscious,unconscious,False,Image,False,4,5,6,7
830,01,lh-inferiorparietal,0.7090909090909091,0.3133397807202561,0.5454545454545454,0.6508102758764578,Mutual + Linear-SVM,unconscious,unconscious,False,Image,False,8,3,2,3
831,01,lh-inferiorparietal,0.7272727272727273,0.21212121212121213,0.6,0.6752682523431092,Mutual + Linear-SVM,unconscious,unconscious,False,Image,False,6,6,3,5
832,01,lh-inferiorparietal,0.19696969696969696,-0.4497006112188861,0.14285714285714288,0.6780759527251474,Mutual + Linear-SVM,unconscious,unconscious,False,Image,False,4,1,5,7
833,01,lh-inferiorparietal,0.36363636363636365,-0.2030905986149808,0.28571428571428575,0.6749408372607599,Mutual + Linear-SVM,unconscious,unconscious,False,Image,False,5,2,4,6
834,01,lh-inferiorparietal,0.6242424242424242,0.2335496832484569,0.6428571428571429,0.7154626824846572,Mutual + Linear-SVM,unconscious,unconscious,False,Image,False,7,9,6,4
835,01,lh-inferiorparietal,0.6636363636363636,0.13762047064079508,0.5263157894736842,0.6847557124831873,Mutual + Linear-SVM,unconscious,unconscious,False,Image,False,7,5,5,4
836,01,lh-inferiorparietal,0.8863636363636364,0.43082021842766455,0.6,0.6434423117085541,Mutual + Linear-SVM,unconscious,unconscious,False,Image,False,8,3,1,3
837,01,lh-inferiorparietal,0.21818181818181817,-0.40451991747794525,0.15384615384615385,0.6690738312664954,Mutual + Linear-SVM,unconscious,unconscious,False,Image,False,4,1,4,7
838,01,lh-inferiorparietal,0.42424242424242425,-0.11769797726729993,0.30769230769230765,0.6733799249153274,Mutual + Linear-SVM,unconscious,unconscious,False,Image,False,6,2,4,5
839,01,lh-inferiorparietal,0.45454545454545453,-0.2584432806109095,0.33333333333333326,0.6922490583253093,Mutual + Linear-SVM,unconscious,unconscious,False,Image,False,4,3,5,7
840,01,lh-inferiorparietal,0.4181818181818182,-0.14414999403128945,0.4444444444444445,0.7217345804379446,Mutual + Linear-SVM,unconscious,unconscious,False,Image,False,5,6,9,6
841,01,lh-inferiorparietal,0.4393939393939394,0.06356417261637282,0.3636363636363636,0.6707897301874693,Mutual + Linear-SVM,unconscious,unconscious,False,Image,False,8,2,4,3
842,01,lh-inferiorparietal,0.6,0.13762047064079508,0.5263157894736842,0.6918312034232416,Mutual + Linear-SVM,unconscious,unconscious,False,Image,False,7,5,5,4
843,01,lh-inferiorparietal,0.6136363636363638,0.3379631847096873,0.5714285714285715,0.6784083531147768,Mutual + Linear-SVM,unconscious,unconscious,False,Image,False,9,4,4,2
844,01,lh-inferiorparietal,0.6969696969696969,0.22727272727272727,0.5,0.6634007256188159,Mutual + Linear-SVM,unconscious,unconscious,False,Image,False,8,3,3,3
845,01,lh-inferiorparietal,0.6818181818181819,-0.03289758474798845,0.22222222222222224,0.6181200936695418,Mutual + Linear-SVM,unconscious,unconscious,False,Image,False,5,1,1,6
846,01,lh-inferiorparietal,0.6931818181818181,0.2326210525996177,0.5333333333333333,0.674475575407714,Mutual + Linear-SVM,unconscious,unconscious,False,Image,False,8,4,4,3
847,01,lh-inferiorparietal,0.6727272727272727,0.050964719143762556,0.42857142857142855,0.6522931464796792,Mutual + Linear-SVM,unconscious,unconscious,False,Image,False,5,3,2,6
848,01,lh-inferiorparietal,0.43801652892561976,0.0,0.47619047619047616,0.7110904576908272,Mutual + Linear-SVM,unconscious,unconscious,False,Image,False,6,5,6,5
849,01,lh-inferiorparietal,0.4090909090909091,0.011631052629980886,0.39999999999999997,0.6910961307503628,Mutual + Linear-SVM,unconscious,unconscious,False,Image,False,7,3,5,4
850,01,lh-inferiorparietal,0.3090909090909091,-0.40451991747794525,0.15384615384615385,0.660199679650987,Mutual + Linear-SVM,unconscious,unconscious,False,Image,False,4,1,4,7
851,01,lh-inferiorparietal,0.4727272727272727,-0.13483997249264842,0.3076923076923077,0.6569603532806445,Mutual + Linear-SVM,unconscious,unconscious,False,Image,False,5,2,3,6
852,01,lh-inferiorparietal,0.49999999999999994,0.13762047064079508,0.5263157894736842,0.6958529145811225,Mutual + Linear-SVM,unconscious,unconscious,False,Image,False,7,5,5,4
853,01,lh-inferiorparietal,0.40909090909090906,-0.2030905986149808,0.28571428571428575,0.6702912964235924,Mutual + Linear-SVM,unconscious,unconscious,False,Image,False,5,2,4,6
854,01,lh-inferiorparietal,0.6022727272727273,0.2326210525996177,0.5333333333333333,0.6778395027883068,Mutual + Linear-SVM,unconscious,unconscious,False,Image,False,8,4,4,3
855,01,lh-inferiorparietal,0.5227272727272727,-0.3181818181818182,0.26666666666666666,0.6367530050216471,Mutual + Linear-SVM,unconscious,unconscious,False,Image,False,2,2,2,9
856,01,lh-inferiorparietal,0.6161616161616161,0.10050378152592121,0.5263157894736842,0.6844875850943473,Mutual + Linear-SVM,unconscious,unconscious,False,Image,False,6,5,4,5
857,01,lh-inferiorparietal,0.7613636363636364,0.3522727272727273,0.625,0.6703051607683669,Mutual + Linear-SVM,unconscious,unconscious,False,Image,False,8,5,3,3
858,01,lh-inferiorparietal,0.7272727272727272,0.12309149097933272,0.4,0.6430391338888582,Mutual + Linear-SVM,unconscious,unconscious,False,Image,False,7,2,2,4
859,01,lh-inferiorparietal,0.34545454545454546,-0.32277655457716287,0.16666666666666666,0.6632637077101428,Mutual + Linear-SVM,unconscious,unconscious,False,Image,False,5,1,4,6
860,01,lh-inferiorparietal,0.6883116883116883,0.4029114820126901,0.6153846153846153,0.6638012976779221,Mutual + Linear-SVM,unconscious,unconscious,False,Image,False,9,4,3,2
861,01,lh-inferiorparietal,0.15584415584415584,-0.5698028822981898,0.125,0.7292604731730553,Mutual + Linear-SVM,unconscious,unconscious,False,Image,False,3,1,6,8
862,01,lh-inferiorparietal,0.4545454545454546,0.0,0.47619047619047616,0.7034014437887278,Mutual + Linear-SVM,unconscious,unconscious,False,Image,False,6,5,6,5
863,01,lh-inferiorparietal,0.4242424242424242,-0.11769797726729993,0.30769230769230765,0.6727687684757531,Mutual + Linear-SVM,unconscious,unconscious,False,Image,False,6,2,4,5
864,01,lh-inferiorparietal,0.4,-0.5449492609130661,0.23529411764705882,0.6581814474219643,Mutual + Linear-SVM,unconscious,unconscious,False,Image,False,1,2,3,10
865,01,lh-inferiorparietal,0.7500000000000001,0.3333333333333333,0.5,0.6206993005754097,Mutual + Linear-SVM,unconscious,unconscious,False,Image,False,5,1,1,1
866,01,lh-inferiorparietal,0.6249999999999999,0.28867513459481287,0.6666666666666666,0.7210798192996674,Mutual + Linear-SVM,unconscious,unconscious,False,Image,False,4,5,3,2
867,01,lh-inferiorparietal,0.6282051282051283,0.4200412794412907,0.8,0.7483071483435229,Mutual + Linear-SVM,unconscious,unconscious,False,Image,False,4,10,3,2
868,01,lh-inferiorparietal,0.7037037037037037,0.4444444444444444,0.7777777777777778,0.7175519022407648,Mutual + Linear-SVM,unconscious,unconscious,False,Image,False,4,7,2,2
869,01,lh-inferiorparietal,0.33333333333333337,-0.3333333333333333,0.0,0.6477590795167303,Mutual + Linear-SVM,unconscious,unconscious,False,Image,False,4,0,2,2
870,01,lh-inferiorparietal,0.6666666666666667,0.26666666666666666,0.6,0.6757590861726329,Mutual + Linear-SVM,unconscious,unconscious,False,Image,False,4,3,2,2
871,01,lh-inferiorparietal,0.5416666666666666,0.28867513459481287,0.6666666666666666,0.7117659405571223,Mutual + Linear-SVM,unconscious,unconscious,False,Image,False,4,5,3,2
872,01,lh-inferiorparietal,0.5333333333333334,-0.1,0.4000000000000001,0.6864535149631387,Mutual + Linear-SVM,unconscious,unconscious,False,Image,False,3,2,3,3
873,01,lh-inferiorparietal,0.6875,0.4166666666666667,0.75,0.7044837235624002,Mutual + Linear-SVM,unconscious,unconscious,False,Image,False,4,6,2,2
874,01,lh-inferiorparietal,0.5925925925925926,0.21821789023599236,0.6250000000000001,0.7202138617093937,Mutual + Linear-SVM,unconscious,unconscious,False,Image,False,4,5,4,2
875,01,lh-inferiorparietal,0.5952380952380953,0.23809523809523808,0.6153846153846153,0.7048769814561274,Mutual + Linear-SVM,unconscious,unconscious,False,Image,False,4,4,3,2
876,01,lh-inferiorparietal,0.5555555555555556,0.1690308509457033,0.5454545454545454,0.7012140404381654,Mutual + Linear-SVM,unconscious,unconscious,False,Image,False,4,3,3,2
877,01,lh-inferiorparietal,0.696969696969697,0.6038596398555418,0.8695652173913043,0.7346289121334872,Mutual + Linear-SVM,unconscious,unconscious,False,Image,False,4,10,1,2
878,01,lh-inferiorparietal,0.6666666666666667,0.4485426135725303,0.6666666666666665,0.6760307500936013,Mutual + Linear-SVM,unconscious,unconscious,False,Image,False,5,3,2,1
879,01,lh-inferiorparietal,0.5555555555555556,0.21821789023599236,0.6250000000000001,0.7188451236858654,Mutual + Linear-SVM,unconscious,unconscious,False,Image,False,4,5,4,2
880,01,lh-inferiorparietal,0.49999999999999994,0.1690308509457033,0.5454545454545454,0.7067649203886787,Mutual + Linear-SVM,unconscious,unconscious,False,Image,False,4,3,3,2
881,01,lh-inferiorparietal,0.49999999999999994,0.1690308509457033,0.5454545454545454,0.7134066119099227,Mutual + Linear-SVM,unconscious,unconscious,False,Image,False,4,3,3,2
882,01,lh-inferiorparietal,0.7999999999999999,0.5172935265326569,0.8148148148148148,0.7470384901673656,Mutual + Linear-SVM,unconscious,unconscious,False,Image,False,5,11,4,1
883,01,lh-inferiorparietal,0.7666666666666667,0.3333333333333333,0.625,0.7141140073539691,Mutual + Linear-SVM,unconscious,unconscious,False,Image,False,5,5,5,1
884,01,lh-inferiorparietal,0.6666666666666666,0.16666666666666666,0.5,0.6711525862000004,Mutual + Linear-SVM,unconscious,unconscious,False,Image,False,4,2,2,2
885,01,lh-inferiorparietal,0.4666666666666667,-0.14907119849998599,0.25,0.6956318685890226,Mutual + Linear-SVM,unconscious,unconscious,False,Image,False,4,1,4,2
886,01,lh-inferiorparietal,0.5833333333333333,0.1690308509457033,0.5454545454545454,0.696970317415431,Mutual + Linear-SVM,unconscious,unconscious,False,Image,False,4,3,3,2
887,01,lh-inferiorparietal,0.47916666666666663,0.0,0.5333333333333333,0.7302458404502559,Mutual + Linear-SVM,unconscious,unconscious,False,Image,False,3,4,4,3
888,01,lh-inferiorparietal,0.4,-0.15504341823651058,0.43478260869565216,0.7686303879621607,Mutual + Linear-SVM,unconscious,unconscious,False,Image,False,3,5,10,3
889,01,lh-inferiorparietal,0.6944444444444445,0.50709255283711,0.7692307692307692,0.6986084082400538,Mutual + Linear-SVM,unconscious,unconscious,False,Image,False,4,5,1,2
890,01,lh-inferiorparietal,0.7000000000000001,0.4666666666666667,0.8000000000000002,0.7224855425199284,Mutual + Linear-SVM,unconscious,unconscious,False,Image,False,4,8,2,2
891,01,lh-inferiorparietal,0.6041666666666667,0.16666666666666666,0.5714285714285715,0.7123460511252863,Mutual + Linear-SVM,unconscious,unconscious,False,Image,False,4,4,4,2
892,01,lh-inferiorparietal,0.7222222222222223,0.50709255283711,0.7272727272727272,0.6928825193878643,Mutual + Linear-SVM,unconscious,unconscious,False,Image,False,5,4,2,1
893,01,lh-inferiorparietal,0.8333333333333334,0.3333333333333333,0.5,0.6309838610711314,Mutual + Linear-SVM,unconscious,unconscious,False,Image,False,5,1,1,1
894,01,lh-inferiorparietal,0.75,0.4583333333333333,0.7142857142857143,0.7031441925415821,Mutual + Linear-SVM,unconscious,unconscious,False,Image,False,5,5,3,1
895,01,lh-inferiorparietal,0.43333333333333335,-0.1,0.4000000000000001,0.6904406081716637,Mutual + Linear-SVM,unconscious,unconscious,False,Image,False,3,2,3,3
896,01,lh-inferiorparietal,0.606060606060606,0.29012942659282975,0.7000000000000001,0.7388916730361589,Mutual + Linear-SVM,unconscious,unconscious,False,Image,False,4,7,4,2
897,01,lh-inferiorparietal,0.4583333333333333,0.04303314829119352,0.4615384615384615,0.729358366153911,Mutual + Linear-SVM,unconscious,unconscious,False,Image,False,4,3,5,2
898,01,lh-inferiorparietal,0.5333333333333333,0.06900655593423542,0.4444444444444445,0.6899701973156088,Mutual + Linear-SVM,unconscious,unconscious,False,Image,False,4,2,3,2
899,01,lh-inferiorparietal,0.6333333333333333,0.06900655593423542,0.4444444444444445,0.6856857194233463,Mutual + Linear-SVM,unconscious,unconscious,False,Image,False,4,2,3,2
900,01,lh-inferiorparietal,0.5833333333333334,0.16265001215808886,0.588235294117647,0.7381783808817841,Mutual + Linear-SVM,unconscious,unconscious,False,Image,False,4,5,5,2
901,01,lh-inferiorparietal,0.4444444444444444,0.0,0.5,0.7141487635353805,Mutual + Linear-SVM,unconscious,unconscious,False,Image,False,3,3,3,3
902,01,lh-inferiorparietal,0.6666666666666666,0.4166666666666667,0.75,0.7116282917244741,Mutual + Linear-SVM,unconscious,unconscious,False,Image,False,4,6,2,2
903,01,lh-inferiorparietal,0.5833333333333333,0.0,0.4444444444444445,0.6705405323921454,Mutual + Linear-SVM,unconscious,unconscious,False,Image,False,3,2,2,3
904,01,lh-inferiorparietal,0.6111111111111112,0.32732683535398854,0.7058823529411765,0.7263911651901608,Mutual + Linear-SVM,unconscious,unconscious,False,Image,False,4,6,3,2
905,01,lh-inferiorparietal,0.8333333333333334,0.5773502691896257,0.7999999999999999,0.6724318485787515,Mutual + Linear-SVM,unconscious,unconscious,False,Image,False,5,6,2,1
906,01,lh-inferiorparietal,0.8333333333333334,0.5833333333333334,0.75,0.6643984597717636,Mutual + Linear-SVM,unconscious,unconscious,False,Image,False,5,3,1,1
907,01,lh-inferiorparietal,0.6333333333333333,0.26666666666666666,0.6,0.6875696003616759,Mutual + Linear-SVM,unconscious,unconscious,False,Image,False,4,3,2,2
908,01,lh-inferiorparietal,0.7380952380952381,0.38095238095238093,0.7142857142857143,0.7006718078609049,Mutual + Linear-SVM,unconscious,unconscious,False,Image,False,4,5,2,2
909,01,lh-inferiorparietal,0.40476190476190477,-0.07142857142857142,0.4615384615384615,0.7361468797571826,Mutual + Linear-SVM,unconscious,unconscious,False,Image,False,3,3,4,3
910,01,lh-inferiorparietal,0.5909090909090909,0.29012942659282975,0.7000000000000001,0.7388158079514464,Mutual + Linear-SVM,unconscious,unconscious,False,Image,False,4,7,4,2
911,01,lh-inferiorparietal,0.38888888888888895,0.0,0.4,0.7156465213718466,Mutual + Linear-SVM,unconscious,unconscious,False,Image,False,4,2,4,2
912,01,lh-inferiorparietal,0.5,-0.1,0.4000000000000001,0.6873879937918909,Mutual + Linear-SVM,unconscious,unconscious,False,Image,False,3,2,3,3
913,01,lh-inferiorparietal,0.6,0.09128709291752768,0.4,0.6464614073529391,Mutual + Linear-SVM,unconscious,unconscious,False,Image,False,3,1,1,2
914,01,lh-inferiorparietal,0.475,-0.025,0.4615384615384615,0.7322991293487433,Mutual + Linear-SVM,unconscious,unconscious,False,Image,False,3,3,5,2
915,01,lh-inferiorparietal,0.6307692307692307,0.05547001962252291,0.5714285714285714,0.7605331197616211,Mutual + Linear-SVM,unconscious,unconscious,False,Image,False,3,6,7,2
916,01,lh-inferiorparietal,0.6666666666666666,0.34426518632954817,0.6666666666666667,0.7291221072120427,Mutual + Linear-SVM,unconscious,unconscious,False,Image,False,4,5,4,1
917,01,lh-inferiorparietal,0.19999999999999996,-0.5477225575051661,0.0,0.6616252626256836,Mutual + Linear-SVM,unconscious,unconscious,False,Image,False,2,0,2,3
918,01,lh-inferiorparietal,0.56,0.0,0.4444444444444445,0.6903733423616158,Mutual + Linear-SVM,unconscious,unconscious,False,Image,False,3,2,3,2
919,01,lh-inferiorparietal,0.425,-0.21957751641341997,0.42857142857142855,0.7315893260234353,Mutual + Linear-SVM,unconscious,unconscious,False,Image,False,2,3,5,3
920,01,lh-inferiorparietal,0.6800000000000002,0.408248290463863,0.6666666666666665,0.6939631827510662,Mutual + Linear-SVM,unconscious,unconscious,False,Image,False,4,3,2,1
921,01,lh-inferiorparietal,0.7,0.4147575310031266,0.7142857142857143,0.7161815755370304,Mutual + Linear-SVM,unconscious,unconscious,False,Image,False,4,5,3,1
922,01,lh-inferiorparietal,0.5777777777777777,0.04303314829119352,0.5333333333333333,0.731350370520633,Mutual + Linear-SVM,unconscious,unconscious,False,Image,False,3,4,5,2
923,01,lh-inferiorparietal,0.4285714285714285,-0.3142857142857143,0.3333333333333333,0.7276505118966395,Mutual + Linear-SVM,unconscious,unconscious,False,Image,False,2,2,5,3
924,01,lh-inferiorparietal,0.33333333333333326,-0.4485426135725303,0.2,0.7309725687041112,Mutual + Linear-SVM,unconscious,unconscious,False,Image,False,2,1,5,3
925,01,lh-inferiorparietal,0.509090909090909,0.050964719143762556,0.5555555555555556,0.7500826090554413,Mutual + Linear-SVM,unconscious,unconscious,False,Image,False,3,5,6,2
926,01,lh-inferiorparietal,0.64,0.2182178902359924,0.5,0.6941981730515767,Mutual + Linear-SVM,unconscious,unconscious,False,Image,False,4,2,3,1
927,01,lh-inferiorparietal,0.5333333333333333,0.04303314829119352,0.5333333333333333,0.729813428437256,Mutual + Linear-SVM,unconscious,unconscious,False,Image,False,3,4,5,2
928,01,lh-inferiorparietal,0.16666666666666663,-0.6708203932499369,0.0,0.736573627682978,Mutual + Linear-SVM,unconscious,unconscious,False,Image,False,2,0,6,3
929,01,lh-inferiorparietal,0.33333333333333326,-0.26666666666666666,0.3636363636363636,0.7260759674510098,Mutual + Linear-SVM,unconscious,unconscious,False,Image,False,2,2,4,3
930,01,lh-inferiorparietal,0.5866666666666667,0.11547005383792516,0.64,0.7612682409769789,Mutual + Linear-SVM,unconscious,unconscious,False,Image,False,3,8,7,2
931,01,lh-inferiorparietal,0.56,0.0,0.5,0.7339221903960328,Mutual + Linear-SVM,unconscious,unconscious,False,Image,False,3,4,6,2
932,01,lh-inferiorparietal,0.39999999999999997,-0.15811388300841897,0.28571428571428575,0.6894100871619688,Mutual + Linear-SVM,unconscious,unconscious,False,Image,False,3,1,3,2
933,01,lh-inferiorparietal,0.19999999999999996,-0.6546536707079772,0.0,0.717812611149225,Mutual + Linear-SVM,unconscious,unconscious,False,Image,False,2,0,5,3
934,01,lh-inferiorparietal,0.3333333333333333,-0.26666666666666666,0.3636363636363636,0.7224133635367649,Mutual + Linear-SVM,unconscious,unconscious,False,Image,False,2,2,4,3
935,01,lh-inferiorparietal,0.425,-0.025,0.4615384615384615,0.7434659907293264,Mutual + Linear-SVM,unconscious,unconscious,False,Image,False,3,3,5,2
936,01,lh-inferiorparietal,0.4666666666666667,0.058025885318565944,0.5833333333333334,0.7696304228760147,Mutual + Linear-SVM,unconscious,unconscious,False,Image,False,3,7,8,2
937,01,lh-inferiorparietal,0.39999999999999997,-0.26666666666666666,0.3636363636363636,0.7155898543202078,Mutual + Linear-SVM,unconscious,unconscious,False,Image,False,2,2,4,3
938,01,lh-inferiorparietal,0.58,0.18898223650461363,0.6666666666666665,0.7338420176662,Mutual + Linear-SVM,unconscious,unconscious,False,Image,False,3,6,4,2
939,01,lh-inferiorparietal,0.5,-0.025,0.4615384615384615,0.7284942160180284,Mutual + Linear-SVM,unconscious,unconscious,False,Image,False,3,3,5,2
940,01,lh-inferiorparietal,0.9333333333333333,0.6900655593423543,0.8,0.7019953079680751,Mutual + Linear-SVM,unconscious,unconscious,False,Image,False,5,4,2,0
941,01,lh-inferiorparietal,0.6,-0.09128709291752768,0.3333333333333333,0.6490488832061129,Mutual + Linear-SVM,unconscious,unconscious,False,Image,False,2,1,1,3
942,01,lh-inferiorparietal,0.575,0.09759000729485333,0.5714285714285715,0.7176944080109039,Mutual + Linear-SVM,unconscious,unconscious,False,Image,False,3,4,4,2
943,01,lh-inferiorparietal,0.6799999999999999,0.5,0.5714285714285715,0.694380361300985,Mutual + Linear-SVM,unconscious,unconscious,False,Image,False,5,2,3,0
944,01,lh-inferiorparietal,0.4181818181818182,-0.034815531191139566,0.4705882352941177,0.757466190702882,Mutual + Linear-SVM,unconscious,unconscious,False,Image,False,3,4,7,2
945,01,lh-inferiorparietal,0.375,-0.35,0.3076923076923077,0.7432318894459397,Mutual + Linear-SVM,unconscious,unconscious,False,Image,False,2,2,6,3
946,01,lh-inferiorparietal,0.36,0.0,0.4444444444444445,0.7023652398762026,Mutual + Linear-SVM,unconscious,unconscious,False,Image,False,3,2,3,2
947,01,lh-inferiorparietal,0.8,0.408248290463863,0.6666666666666665,0.6934629195567623,Mutual + Linear-SVM,unconscious,unconscious,False,Image,False,4,3,2,1
948,01,lh-inferiorparietal,0.48,0.0,0.5,0.746724910020371,Mutual + Linear-SVM,unconscious,unconscious,False,Image,False,3,4,6,2
949,01,lh-inferiorparietal,0.39999999999999997,-0.06900655593423542,0.4,0.7226794300353175,Mutual + Linear-SVM,unconscious,unconscious,False,Image,False,3,2,4,2
950,01,lh-inferiorparietal,0.475,-0.025,0.4615384615384615,0.7288008845038028,Mutual + Linear-SVM,unconscious,unconscious,False,Image,False,3,3,5,2
951,01,lh-inferiorparietal,0.6,-0.1,0.4444444444444445,0.6849702907078004,Mutual + Linear-SVM,unconscious,unconscious,False,Image,False,2,2,2,3
952,01,lh-inferiorparietal,0.3555555555555555,-0.37777777777777777,0.2857142857142857,0.7478892426332587,Mutual + Linear-SVM,unconscious,unconscious,False,Image,False,2,2,7,3
953,01,lh-inferiorparietal,0.6499999999999999,0.09759000729485333,0.5714285714285715,0.7131918681981132,Mutual + Linear-SVM,unconscious,unconscious,False,Image,False,3,4,4,2
954,01,lh-inferiorparietal,0.35,-0.35,0.25,0.6921521816962097,Mutual + Linear-SVM,unconscious,unconscious,False,Image,False,2,1,3,3
955,01,lh-inferiorparietal,0.32,-0.2182178902359924,0.25,0.7037162100766676,Mutual + Linear-SVM,unconscious,unconscious,False,Image,False,3,1,4,2
956,01,lh-inferiorparietal,0.8,0.37142857142857144,0.6666666666666666,0.692569721597744,Mutual + Linear-SVM,unconscious,unconscious,False,Image,False,4,4,3,1
957,01,lh-inferiorparietal,0.3428571428571428,-0.3142857142857143,0.3333333333333333,0.7484417594006701,Mutual + Linear-SVM,unconscious,unconscious,False,Image,False,2,2,5,3
958,01,lh-inferiorparietal,0.5454545454545454,0.13483997249264842,0.631578947368421,0.7483355700865681,Mutual + Linear-SVM,unconscious,unconscious,False,Image,False,3,6,5,2
959,01,lh-inferiorparietal,0.4666666666666666,-0.26666666666666666,0.3636363636363636,0.7299634826485463,Mutual + Linear-SVM,unconscious,unconscious,False,Image,False,2,2,4,3
960,01,lh-inferiorparietal,0.44000000000000006,-0.2,0.4000000000000001,0.7046677027005932,Mutual + Linear-SVM,unconscious,unconscious,False,Image,False,2,2,3,3
961,01,lh-inferiorparietal,0.875,0.375,0.5,0.6248867008237694,Mutual + Linear-SVM,unconscious,unconscious,False,Image,False,7,1,1,1
962,01,lh-inferiorparietal,0.203125,-0.5163977794943222,0.14285714285714288,0.7076086267874271,Mutual + Linear-SVM,unconscious,unconscious,False,Image,False,3,1,7,5
963,01,lh-inferiorparietal,0.6057692307692308,0.1589409883014377,0.608695652173913,0.7293563474314111,Mutual + Linear-SVM,unconscious,unconscious,False,Image,False,5,7,6,3
964,01,lh-inferiorparietal,0.6388888888888888,0.18055555555555555,0.5882352941176471,0.7023509888675599,Mutual + Linear-SVM,unconscious,unconscious,False,Image,False,5,5,4,3
965,01,lh-inferiorparietal,0.3125,-0.4082482904638631,0.0,0.6303586562407262,Mutual + Linear-SVM,unconscious,unconscious,False,Image,False,4,0,2,4
966,01,lh-inferiorparietal,0.6000000000000001,0.21957751641341997,0.5454545454545454,0.6700341118245999,Mutual + Linear-SVM,unconscious,unconscious,False,Image,False,5,3,2,3
967,01,lh-inferiorparietal,0.640625,0.1259881576697424,0.5333333333333333,0.6923418791808411,Mutual + Linear-SVM,unconscious,unconscious,False,Image,False,5,4,4,3
968,01,lh-inferiorparietal,0.7,0.35,0.6,0.6644843445524662,Mutual + Linear-SVM,unconscious,unconscious,False,Image,False,6,3,2,2
969,01,lh-inferiorparietal,0.71875,0.2581988897471611,0.5714285714285715,0.6919449557050191,Mutual + Linear-SVM,unconscious,unconscious,False,Image,False,6,4,4,2
970,01,lh-inferiorparietal,0.48611111111111105,-0.05555555555555555,0.47058823529411764,0.7083733245305655,Mutual + Linear-SVM,unconscious,unconscious,False,Image,False,4,4,5,4
971,01,lh-inferiorparietal,0.4464285714285714,-0.19642857142857142,0.39999999999999997,0.6984848439528216,Mutual + Linear-SVM,unconscious,unconscious,False,Image,False,3,3,4,5
972,01,lh-inferiorparietal,0.4791666666666667,0.09128709291752768,0.4,0.6832184501679099,Mutual + Linear-SVM,unconscious,unconscious,False,Image,False,6,2,4,2
973,01,lh-inferiorparietal,0.6818181818181818,0.3820465887291705,0.7000000000000001,0.7155477690142472,Mutual + Linear-SVM,unconscious,unconscious,False,Image,False,6,7,4,2
974,01,lh-inferiorparietal,0.675,0.35,0.6,0.6648127747769913,Mutual + Linear-SVM,unconscious,unconscious,False,Image,False,6,3,2,2
975,01,lh-inferiorparietal,0.5694444444444444,0.07042952122737638,0.5,0.7001727929099314,Mutual + Linear-SVM,unconscious,unconscious,False,Image,False,5,4,5,3
976,01,lh-inferiorparietal,0.4583333333333333,0.125,0.5,0.6905915903689328,Mutual + Linear-SVM,unconscious,unconscious,False,Image,False,5,3,3,3
977,01,lh-inferiorparietal,0.5416666666666666,0.25819888974716115,0.5454545454545454,0.6860531470225355,Mutual + Linear-SVM,unconscious,unconscious,False,Image,False,6,3,3,2
978,01,lh-inferiorparietal,0.7,0.39727607885233013,0.7407407407407408,0.7366644881118825,Mutual + Linear-SVM,unconscious,unconscious,False,Image,False,6,10,5,2
979,01,lh-inferiorparietal,0.7375,0.575,0.7777777777777777,0.6965077967578116,Mutual + Linear-SVM,unconscious,unconscious,False,Image,False,7,7,3,1
980,01,lh-inferiorparietal,0.5625,0.0,0.4,0.6541808335486964,Mutual + Linear-SVM,unconscious,unconscious,False,Image,False,4,2,2,4
981,01,lh-inferiorparietal,0.275,-0.4147575310031266,0.1818181818181818,0.6806824153856315,Mutual + Linear-SVM,unconscious,unconscious,False,Image,False,3,1,4,5
982,01,lh-inferiorparietal,0.4375,-0.16666666666666666,0.3333333333333333,0.6839089585078756,Mutual + Linear-SVM,unconscious,unconscious,False,Image,False,4,2,4,4
983,01,lh-inferiorparietal,0.515625,0.1259881576697424,0.5333333333333333,0.7032386722304684,Mutual + Linear-SVM,unconscious,unconscious,False,Image,False,5,4,4,3
984,01,lh-inferiorparietal,0.6833333333333333,0.3337119062359573,0.6923076923076923,0.7382705029531257,Mutual + Linear-SVM,unconscious,unconscious,False,Image,False,6,9,6,2
985,01,lh-inferiorparietal,0.5625,0.125,0.5,0.6832494160085548,Mutual + Linear-SVM,unconscious,unconscious,False,Image,False,5,3,3,3
986,01,lh-inferiorparietal,0.6875,0.35,0.6666666666666665,0.7038000500775251,Mutual + Linear-SVM,unconscious,unconscious,False,Image,False,6,6,4,2
987,01,lh-inferiorparietal,0.515625,0.1259881576697424,0.5333333333333333,0.7007080048202603,Mutual + Linear-SVM,unconscious,unconscious,False,Image,False,5,4,4,3
988,01,lh-inferiorparietal,0.4583333333333333,-0.16666666666666666,0.3333333333333333,0.6821862204138881,Mutual + Linear-SVM,unconscious,unconscious,False,Image,False,4,2,4,4
989,01,lh-inferiorparietal,0.8125,0.2182178902359924,0.4,0.618818989130592,Mutual + Linear-SVM,unconscious,unconscious,False,Image,False,6,1,1,2
990,01,lh-inferiorparietal,0.671875,0.2581988897471611,0.5714285714285715,0.6871841844542854,Mutual + Linear-SVM,unconscious,unconscious,False,Image,False,6,4,4,2
991,01,lh-inferiorparietal,0.725,0.09759000729485333,0.5,0.6605235504380114,Mutual + Linear-SVM,unconscious,unconscious,False,Image,False,4,3,2,4
992,01,lh-inferiorparietal,0.5568181818181818,0.1685499656158105,0.6,0.719317720323183,Mutual + Linear-SVM,unconscious,unconscious,False,Image,False,5,6,5,3
993,01,lh-inferiorparietal,0.484375,0.0,0.42857142857142855,0.7001761618583372,Mutual + Linear-SVM,unconscious,unconscious,False,Image,False,5,3,5,3
994,01,lh-inferiorparietal,0.5,0.025,0.4000000000000001,0.6736493290118786,Mutual + Linear-SVM,unconscious,unconscious,False,Image,False,5,2,3,3
995,01,lh-inferiorparietal,0.75,0.21957751641341997,0.5454545454545454,0.668885750351521,Mutual + Linear-SVM,unconscious,unconscious,False,Image,False,5,3,2,3
996,01,lh-inferiorparietal,0.5,-0.1941450686788302,0.26666666666666666,0.7177095321740179,Mutual + Linear-SVM,unconscious,unconscious,False,Image,False,5,2,8,3
997,01,lh-inferiorparietal,0.5208333333333333,0.125,0.5,0.6791854707427566,Mutual + Linear-SVM,unconscious,unconscious,False,Image,False,5,3,3,3
998,01,lh-inferiorparietal,0.609375,0.1259881576697424,0.5333333333333333,0.696257050925136,Mutual + Linear-SVM,unconscious,unconscious,False,Image,False,5,4,4,3
999,01,lh-inferiorparietal,0.46875,0.15811388300841897,0.3333333333333333,0.6601306913843388,Mutual + Linear-SVM,unconscious,unconscious,False,Image,False,7,1,3,1
1000,01,lh-inferiorparietal,0.5694444444444444,0.07042952122737638,0.5,0.7023429208455374,Mutual + Linear-SVM,unconscious,unconscious,False,Image,False,5,4,5,3
1001,01,lh-inferiorparietal,0.71875,0.3779644730092272,0.6666666666666666,0.6786942916585981,Mutual + Linear-SVM,unconscious,unconscious,False,Image,False,6,5,3,2
1002,01,lh-inferiorparietal,0.71875,0.25,0.5,0.6518452791874982,Mutual + Linear-SVM,unconscious,unconscious,False,Image,False,6,2,2,2
1003,01,lh-inferiorparietal,0.375,-0.09759000729485333,0.3636363636363636,0.6768537795395416,Mutual + Linear-SVM,unconscious,unconscious,False,Image,False,4,2,3,4
1004,01,lh-inferiorparietal,0.7678571428571428,0.4642857142857143,0.7142857142857143,0.6704307465904144,Mutual + Linear-SVM,unconscious,unconscious,False,Image,False,6,5,2,2
1005,01,lh-inferiorparietal,0.4821428571428571,0.18898223650461363,0.5,0.7096105031799661,Mutual + Linear-SVM,unconscious,unconscious,False,Image,False,6,3,4,2
1006,01,lh-inferiorparietal,0.5340909090909091,0.07954545454545454,0.5263157894736842,0.7241194754520446,Mutual + Linear-SVM,unconscious,unconscious,False,Image,False,5,5,6,3
1007,01,lh-inferiorparietal,0.35416666666666663,-0.16666666666666666,0.3333333333333333,0.6956807718569765,Mutual + Linear-SVM,unconscious,unconscious,False,Image,False,4,2,4,4
1008,01,lh-inferiorparietal,0.45000000000000007,-0.21957751641341997,0.3333333333333333,0.6745911307030669,Mutual + Linear-SVM,unconscious,unconscious,False,Image,False,3,2,3,5
1009,01,lh-inferiorparietal,0.9,0.25819888974716115,0.4,0.6178810113527403,Mutual + Linear-SVM,unconscious,unconscious,False,Image,False,8,1,1,2
1010,01,lh-inferiorparietal,0.3625,-0.22360679774997896,0.35294117647058826,0.6941437743653629,Mutual + Linear-SVM,unconscious,unconscious,False,Image,False,4,3,5,6
1011,01,lh-inferiorparietal,0.5153846153846154,0.06153846153846154,0.5217391304347826,0.7208927028730557,Mutual + Linear-SVM,unconscious,unconscious,False,Image,False,6,6,7,4
1012,01,lh-inferiorparietal,0.8222222222222222,0.36666666666666664,0.6666666666666666,0.6847944815549133,Mutual + Linear-SVM,unconscious,unconscious,False,Image,False,7,6,3,3
1013,01,lh-inferiorparietal,0.04999999999999999,-0.6324555320336759,0.0,0.6363006993065602,Mutual + Linear-SVM,unconscious,unconscious,False,Image,False,2,0,2,8
1014,01,lh-inferiorparietal,0.7000000000000001,0.28867513459481287,0.5454545454545454,0.6524029095639646,Mutual + Linear-SVM,unconscious,unconscious,False,Image,False,7,3,2,3
1015,01,lh-inferiorparietal,0.525,0.1,0.5,0.6867631728432254,Mutual + Linear-SVM,unconscious,unconscious,False,Image,False,6,4,4,4
1016,01,lh-inferiorparietal,0.6599999999999999,0.28867513459481287,0.5454545454545454,0.6539048345872057,Mutual + Linear-SVM,unconscious,unconscious,False,Image,False,7,3,2,3
1017,01,lh-inferiorparietal,0.5874999999999999,0.1,0.5,0.6790445239785177,Mutual + Linear-SVM,unconscious,unconscious,False,Image,False,6,4,4,4
1018,01,lh-inferiorparietal,0.6777777777777778,0.2584432806109095,0.5882352941176471,0.6832420961213441,Mutual + Linear-SVM,unconscious,unconscious,False,Image,False,7,5,4,3
1019,01,lh-inferiorparietal,0.5285714285714285,0.13241022442571243,0.4615384615384615,0.6818506502936498,Mutual + Linear-SVM,unconscious,unconscious,False,Image,False,7,3,4,3
1020,01,lh-inferiorparietal,0.36666666666666664,-0.16265001215808886,0.30769230769230765,0.6800059344741388,Mutual + Linear-SVM,unconscious,unconscious,False,Image,False,5,2,4,5
1021,01,lh-inferiorparietal,0.5181818181818182,-0.045454545454545456,0.47619047619047616,0.7060926734810147,Mutual + Linear-SVM,unconscious,unconscious,False,Image,False,5,5,6,5
1022,01,lh-inferiorparietal,0.68,0.18898223650461363,0.5,0.655036325835135,Mutual + Linear-SVM,unconscious,unconscious,False,Image,False,6,3,2,4
1023,01,lh-inferiorparietal,0.6222222222222222,0.2584432806109095,0.5882352941176471,0.6846389694387178,Mutual + Linear-SVM,unconscious,unconscious,False,Image,False,7,5,4,3
1024,01,lh-inferiorparietal,0.45,-0.06666666666666667,0.3333333333333333,0.6743253129131452,Mutual + Linear-SVM,unconscious,unconscious,False,Image,False,6,2,4,4
1025,01,lh-inferiorparietal,0.41666666666666663,-0.06666666666666667,0.3333333333333333,0.6806913217106345,Mutual + Linear-SVM,unconscious,unconscious,False,Image,False,6,2,4,4
1026,01,lh-inferiorparietal,0.5999999999999999,0.0657951694959769,0.5384615384615385,0.7203648121616782,Mutual + Linear-SVM,unconscious,unconscious,False,Image,False,6,7,8,4
1027,01,lh-inferiorparietal,0.76,0.4,0.7,0.6867489424460425,Mutual + Linear-SVM,unconscious,unconscious,False,Image,False,7,7,3,3
1028,01,lh-inferiorparietal,0.725,0.18856180831641267,0.4444444444444445,0.638603468560769,Mutual + Linear-SVM,unconscious,unconscious,False,Image,False,7,2,2,3
1029,01,lh-inferiorparietal,0.13999999999999999,-0.7,0.13333333333333333,0.6678193246435519,Mutual + Linear-SVM,unconscious,unconscious,False,Image,False,1,1,4,9
1030,01,lh-inferiorparietal,0.4666666666666667,0.034815531191139566,0.3636363636363636,0.6731281861471816,Mutual + Linear-SVM,unconscious,unconscious,False,Image,False,7,2,4,3
1031,01,lh-inferiorparietal,0.65,0.22360679774997896,0.5882352941176471,0.6848293931740381,Mutual + Linear-SVM,unconscious,unconscious,False,Image,False,6,5,3,4
1032,01,lh-inferiorparietal,0.6599999999999999,0.23028309323591914,0.6153846153846153,0.7208920572595698,Mutual + Linear-SVM,unconscious,unconscious,False,Image,False,7,8,7,3
1033,01,lh-inferiorparietal,0.5666666666666667,0.2,0.5,0.6694827466660116,Mutual + Linear-SVM,unconscious,unconscious,False,Image,False,7,3,3,3
1034,01,lh-inferiorparietal,0.79,0.502518907629606,0.7368421052631577,0.690292121704484,Mutual + Linear-SVM,unconscious,unconscious,False,Image,False,8,7,3,2
1035,01,lh-inferiorparietal,0.4875,-0.125,0.375,0.6885323773081333,Mutual + Linear-SVM,unconscious,unconscious,False,Image,False,5,3,5,5
1036,01,lh-inferiorparietal,0.8666666666666666,0.4666666666666667,0.6666666666666666,0.6568550506767215,Mutual + Linear-SVM,unconscious,unconscious,False,Image,False,8,4,2,2
1037,01,lh-inferiorparietal,0.65,-0.07559289460184544,0.22222222222222224,0.6145308266171373,Mutual + Linear-SVM,unconscious,unconscious,False,Image,False,4,1,1,6
1038,01,lh-inferiorparietal,0.925,0.7905694150420948,0.8571428571428571,0.6684208447745763,Mutual + Linear-SVM,unconscious,unconscious,False,Image,False,10,6,2,0
1039,01,lh-inferiorparietal,0.68,0.18898223650461363,0.5,0.6502239359486086,Mutual + Linear-SVM,unconscious,unconscious,False,Image,False,6,3,2,4
1040,01,lh-inferiorparietal,0.4181818181818182,-0.045454545454545456,0.47619047619047616,0.7162287363237778,Mutual + Linear-SVM,unconscious,unconscious,False,Image,False,5,5,6,5
1041,01,lh-inferiorparietal,0.45000000000000007,-0.125,0.375,0.6838411729718087,Mutual + Linear-SVM,unconscious,unconscious,False,Image,False,5,3,5,5
1042,01,lh-inferiorparietal,0.28,-0.37796447300922725,0.16666666666666666,0.6649761970486865,Mutual + Linear-SVM,unconscious,unconscious,False,Image,False,4,1,4,6
1043,01,lh-inferiorparietal,0.6,0.1,0.4000000000000001,0.6517054552086956,Mutual + Linear-SVM,unconscious,unconscious,False,Image,False,7,2,3,3
1044,01,lh-inferiorparietal,0.48,0.0,0.4444444444444445,0.7034819756403815,Mutual + Linear-SVM,unconscious,unconscious,False,Image,False,6,4,6,4
1045,01,lh-inferiorparietal,0.5833333333333334,0.3133397807202561,0.5454545454545454,0.6688129361191177,Mutual + Linear-SVM,unconscious,unconscious,False,Image,False,8,3,3,2
1046,01,lh-inferiorparietal,0.6,0.1,0.5,0.6809199803583605,Mutual + Linear-SVM,unconscious,unconscious,False,Image,False,6,4,4,4
1047,01,lh-inferiorparietal,0.55,-0.18856180831641267,0.30769230769230765,0.6413562144017592,Mutual + Linear-SVM,unconscious,unconscious,False,Image,False,3,2,2,7
1048,01,lh-inferiorparietal,0.5999999999999999,0.044946657497549475,0.47058823529411764,0.6848306415151553,Mutual + Linear-SVM,unconscious,unconscious,False,Image,False,6,4,5,4
1049,01,lh-inferiorparietal,0.7874999999999999,0.4332001127219817,0.6666666666666666,0.6659024880811582,Mutual + Linear-SVM,unconscious,unconscious,False,Image,False,8,5,3,2
1050,01,lh-inferiorparietal,0.625,0.18856180831641267,0.4444444444444445,0.64318436429553,Mutual + Linear-SVM,unconscious,unconscious,False,Image,False,7,2,2,3
1051,01,lh-inferiorparietal,0.30000000000000004,-0.472455591261534,0.15384615384615385,0.6680540613009511,Mutual + Linear-SVM,unconscious,unconscious,False,Image,False,3,1,4,7
1052,01,lh-inferiorparietal,0.8571428571428572,0.5142857142857142,0.7142857142857143,0.6537122415703751,Mutual + Linear-SVM,unconscious,unconscious,False,Image,False,8,5,2,2
1053,01,lh-inferiorparietal,0.1857142857142857,-0.5493502655735357,0.13333333333333333,0.707040088156401,Mutual + Linear-SVM,unconscious,unconscious,False,Image,False,3,1,6,7
1054,01,lh-inferiorparietal,0.4909090909090909,0.14545454545454545,0.5714285714285713,0.7082090506891591,Mutual + Linear-SVM,unconscious,unconscious,False,Image,False,6,6,5,4
1055,01,lh-inferiorparietal,0.4833333333333333,0.09759000729485331,0.4615384615384615,0.676570435813872,Mutual + Linear-SVM,unconscious,unconscious,False,Image,False,6,3,3,4
1056,01,lh-inferiorparietal,0.48000000000000004,-0.28867513459481287,0.2857142857142857,0.6617304258181965,Mutual + Linear-SVM,unconscious,unconscious,False,Image,False,3,2,3,7
1057,01,lh-inferiorparietal,0.6666666666666667,0.14907119849998599,0.4,0.6329292384126084,Mutual + Linear-SVM,unconscious,unconscious,False,Image,False,4,1,1,2
1058,01,lh-inferiorparietal,0.5208333333333333,0.04303314829119352,0.4615384615384615,0.725353190873636,Mutual + Linear-SVM,unconscious,unconscious,False,Image,False,4,3,5,2
1059,01,lh-inferiorparietal,0.6025641025641026,0.19096396641051544,0.6363636363636364,0.7518038659320615,Mutual + Linear-SVM,unconscious,unconscious,False,Image,False,4,7,6,2
1060,01,lh-inferiorparietal,0.7222222222222223,0.49099025303098287,0.75,0.720026931992716,Mutual + Linear-SVM,unconscious,unconscious,False,Image,False,5,6,3,1
1061,01,lh-inferiorparietal,0.41666666666666663,-0.3333333333333333,0.0,0.6430486586237881,Mutual + Linear-SVM,unconscious,unconscious,False,Image,False,4,0,2,2
1062,01,lh-inferiorparietal,0.6666666666666666,0.4485426135725303,0.6666666666666665,0.672062946039529,Mutual + Linear-SVM,unconscious,unconscious,False,Image,False,5,3,2,1
1063,01,lh-inferiorparietal,0.5208333333333334,0.04303314829119352,0.4615384615384615,0.7157219581171671,Mutual + Linear-SVM,unconscious,unconscious,False,Image,False,4,3,5,2
1064,01,lh-inferiorparietal,0.7666666666666667,0.4485426135725303,0.6666666666666665,0.6807316386954056,Mutual + Linear-SVM,unconscious,unconscious,False,Image,False,5,3,2,1
1065,01,lh-inferiorparietal,0.6875,0.4166666666666667,0.75,0.7051605153503223,Mutual + Linear-SVM,unconscious,unconscious,False,Image,False,4,6,2,2
1066,01,lh-inferiorparietal,0.6666666666666667,0.3888888888888889,0.6666666666666667,0.7091426119050105,Mutual + Linear-SVM,unconscious,unconscious,False,Image,False,5,5,4,1
1067,01,lh-inferiorparietal,0.5238095238095237,0.09759000729485333,0.5,0.7120304113269172,Mutual + Linear-SVM,unconscious,unconscious,False,Image,False,4,3,4,2
1068,01,lh-inferiorparietal,0.5555555555555556,0.0,0.5,0.7037297718858962,Mutual + Linear-SVM,unconscious,unconscious,False,Image,False,3,3,3,3
1069,01,lh-inferiorparietal,0.5303030303030303,0.11769797726729993,0.5555555555555556,0.7365329409278298,Mutual + Linear-SVM,unconscious,unconscious,False,Image,False,4,5,6,2
1070,01,lh-inferiorparietal,0.6,0.26666666666666666,0.6,0.6836951151164503,Mutual + Linear-SVM,unconscious,unconscious,False,Image,False,4,3,2,2
1071,01,lh-inferiorparietal,0.7037037037037037,0.21821789023599236,0.6250000000000001,0.7113548911316078,Mutual + Linear-SVM,unconscious,unconscious,False,Image,False,4,5,4,2
1072,01,lh-inferiorparietal,0.3055555555555556,-0.3535533905932738,0.2,0.7210665316155124,Mutual + Linear-SVM,unconscious,unconscious,False,Image,False,3,1,5,3
1073,01,lh-inferiorparietal,0.4444444444444444,-0.1690308509457033,0.3636363636363636,0.7116351697592251,Mutual + Linear-SVM,unconscious,unconscious,False,Image,False,3,2,4,3
1074,01,lh-inferiorparietal,0.6666666666666666,0.18090680674665818,0.64,0.7479931124236968,Mutual + Linear-SVM,unconscious,unconscious,False,Image,False,4,8,7,2
1075,01,lh-inferiorparietal,0.6000000000000001,0.16265001215808886,0.588235294117647,0.7230384997038045,Mutual + Linear-SVM,unconscious,unconscious,False,Image,False,4,5,5,2
1076,01,lh-inferiorparietal,0.7083333333333334,0.408248290463863,0.6666666666666665,0.6735562628476961,Mutual + Linear-SVM,unconscious,unconscious,False,Image,False,4,3,1,2
1077,01,lh-inferiorparietal,0.4666666666666667,-0.1,0.4000000000000001,0.7028142523854453,Mutual + Linear-SVM,unconscious,unconscious,False,Image,False,3,2,3,3
1078,01,lh-inferiorparietal,0.5555555555555556,0.1690308509457033,0.5454545454545454,0.7054961538507024,Mutual + Linear-SVM,unconscious,unconscious,False,Image,False,4,3,3,2
1079,01,lh-inferiorparietal,0.5833333333333333,0.16666666666666666,0.5714285714285715,0.7157335980405211,Mutual + Linear-SVM,unconscious,unconscious,False,Image,False,4,4,4,2
1080,01,lh-inferiorparietal,0.46666666666666673,-0.09128709291752768,0.5,0.7690716547714738,Mutual + Linear-SVM,unconscious,unconscious,False,Image,False,3,6,9,3
1081,01,lh-inferiorparietal,0.4444444444444444,-0.1690308509457033,0.3636363636363636,0.7006313555282588,Mutual + Linear-SVM,unconscious,unconscious,False,Image,False,3,2,4,3
1082,01,lh-inferiorparietal,0.6333333333333333,0.16265001215808886,0.588235294117647,0.7248882299204228,Mutual + Linear-SVM,unconscious,unconscious,False,Image,False,4,5,5,2
1083,01,lh-inferiorparietal,0.4375,0.0,0.5333333333333333,0.7232450863055876,Mutual + Linear-SVM,unconscious,unconscious,False,Image,False,3,4,4,3
1084,01,lh-inferiorparietal,0.6666666666666667,0.1690308509457033,0.5454545454545454,0.6840916915192973,Mutual + Linear-SVM,unconscious,unconscious,False,Image,False,4,3,3,2
1085,01,lh-inferiorparietal,0.5833333333333334,0.0,0.3333333333333333,0.6278899013181395,Mutual + Linear-SVM,unconscious,unconscious,False,Image,False,3,1,1,3
1086,01,lh-inferiorparietal,0.75,0.4583333333333333,0.7142857142857143,0.6973455056617419,Mutual + Linear-SVM,unconscious,unconscious,False,Image,False,5,5,3,1
1087,01,lh-inferiorparietal,0.6333333333333334,0.4485426135725303,0.6666666666666665,0.6808946760033698,Mutual + Linear-SVM,unconscious,unconscious,False,Image,False,5,3,2,1
1088,01,lh-inferiorparietal,0.4242424242424242,-0.13241022442571243,0.4444444444444444,0.7470769572597451,Mutual + Linear-SVM,unconscious,unconscious,False,Image,False,3,4,7,3
1089,01,lh-inferiorparietal,0.5416666666666666,0.16666666666666666,0.5714285714285715,0.7257736970653893,Mutual + Linear-SVM,unconscious,unconscious,False,Image,False,4,4,4,2
1090,01,lh-inferiorparietal,0.4,-0.3105295017040594,0.22222222222222224,0.6964562317166981,Mutual + Linear-SVM,unconscious,unconscious,False,Image,False,3,1,4,3
1091,01,lh-inferiorparietal,0.6,0.2608745973749754,0.5,0.6854820356911518,Mutual + Linear-SVM,unconscious,unconscious,False,Image,False,5,2,3,1
1092,01,lh-inferiorparietal,0.5166666666666666,0.16265001215808886,0.588235294117647,0.7420044264911339,Mutual + Linear-SVM,unconscious,unconscious,False,Image,False,4,5,5,2
1093,01,lh-inferiorparietal,0.4722222222222222,-0.1690308509457033,0.3636363636363636,0.7009939327253103,Mutual + Linear-SVM,unconscious,unconscious,False,Image,False,3,2,4,3
1094,01,lh-inferiorparietal,0.75,0.5773502691896257,0.7999999999999999,0.710564274508433,Mutual + Linear-SVM,unconscious,unconscious,False,Image,False,5,6,2,1
1095,01,lh-inferiorparietal,0.5833333333333333,0.16666666666666666,0.5,0.6611311960735836,Mutual + Linear-SVM,unconscious,unconscious,False,Image,False,4,2,2,2
1096,01,lh-inferiorparietal,0.5740740740740741,0.21821789023599236,0.6250000000000001,0.7224816092695895,Mutual + Linear-SVM,unconscious,unconscious,False,Image,False,4,5,4,2
1097,01,lh-inferiorparietal,0.7083333333333334,0.4583333333333333,0.7142857142857143,0.698629453826477,Mutual + Linear-SVM,unconscious,unconscious,False,Image,False,5,5,3,1
1098,01,lh-inferiorparietal,0.7083333333333333,0.16666666666666666,0.5,0.6629115417301028,Mutual + Linear-SVM,unconscious,unconscious,False,Image,False,4,2,2,2
1099,01,lh-inferiorparietal,0.5,-0.1,0.4000000000000001,0.6937072024082789,Mutual + Linear-SVM,unconscious,unconscious,False,Image,False,3,2,3,3
1100,01,lh-inferiorparietal,0.7142857142857143,0.4147575310031266,0.6666666666666666,0.6901406370640033,Mutual + Linear-SVM,unconscious,unconscious,False,Image,False,5,4,3,1
1101,01,lh-inferiorparietal,0.4285714285714286,-0.07142857142857142,0.4615384615384615,0.7476221485774383,Mutual + Linear-SVM,unconscious,unconscious,False,Image,False,3,3,4,3
1102,01,lh-inferiorparietal,0.5,-0.1706971854997297,0.26666666666666666,0.7393134929043574,Mutual + Linear-SVM,unconscious,unconscious,False,Image,False,4,2,9,2
1103,01,lh-inferiorparietal,0.4444444444444444,-0.1690308509457033,0.3636363636363636,0.7158435581739266,Mutual + Linear-SVM,unconscious,unconscious,False,Image,False,3,2,4,3
1104,01,lh-inferiorparietal,0.5,-0.1,0.4000000000000001,0.6955962989123411,Mutual + Linear-SVM,unconscious,unconscious,False,Image,False,3,2,3,3
1105,01,lh-inferiorparietal,0.7777777777777779,0.24056261216234406,0.4,0.6243790879194581,Mutual + Linear-SVM,unconscious,unconscious,False,Image,False,7,1,1,2
1106,01,lh-inferiorparietal,0.3055555555555556,-0.3098898934004561,0.26666666666666666,0.7012867354960954,Mutual + Linear-SVM,unconscious,unconscious,False,Image,False,4,2,6,5
1107,01,lh-inferiorparietal,0.5641025641025641,0.20254787341673333,0.608695652173913,0.725371233004214,Mutual + Linear-SVM,unconscious,unconscious,False,Image,False,6,7,6,3
1108,01,lh-inferiorparietal,0.7777777777777778,0.4472135954999579,0.7058823529411765,0.6907903638207977,Mutual + Linear-SVM,unconscious,unconscious,False,Image,False,7,6,3,2
1109,01,lh-inferiorparietal,0.2777777777777778,-0.43033148291193524,0.0,0.6278672812614751,Mutual + Linear-SVM,unconscious,unconscious,False,Image,False,4,0,2,5
1110,01,lh-inferiorparietal,0.7111111111111111,0.25819888974716115,0.5454545454545454,0.662191344431028,Mutual + Linear-SVM,unconscious,unconscious,False,Image,False,6,3,2,3
1111,01,lh-inferiorparietal,0.5,-0.05555555555555555,0.47058823529411764,0.692220089004805,Mutual + Linear-SVM,unconscious,unconscious,False,Image,False,4,4,4,5
1112,01,lh-inferiorparietal,0.6000000000000001,0.25819888974716115,0.5454545454545454,0.6625894806935495,Mutual + Linear-SVM,unconscious,unconscious,False,Image,False,6,3,2,3
1113,01,lh-inferiorparietal,0.7083333333333334,0.2916666666666667,0.625,0.6819986133721482,Mutual + Linear-SVM,unconscious,unconscious,False,Image,False,6,5,3,3
1114,01,lh-inferiorparietal,0.5432098765432098,0.0,0.47058823529411764,0.6953732370147563,Mutual + Linear-SVM,unconscious,unconscious,False,Image,False,5,4,5,4
1115,01,lh-inferiorparietal,0.4761904761904762,-0.23809523809523808,0.375,0.6862972212671052,Mutual + Linear-SVM,unconscious,unconscious,False,Image,False,3,3,4,6
1116,01,lh-inferiorparietal,0.37037037037037035,-0.4444444444444444,0.26666666666666666,0.6875196868240958,Mutual + Linear-SVM,unconscious,unconscious,False,Image,False,2,2,4,7
1117,01,lh-inferiorparietal,0.5656565656565656,0.10050378152592121,0.5714285714285713,0.7106634143569754,Mutual + Linear-SVM,unconscious,unconscious,False,Image,False,5,6,5,4
1118,01,lh-inferiorparietal,0.7555555555555555,0.5185449728701348,0.6666666666666665,0.6608951265148967,Mutual + Linear-SVM,unconscious,unconscious,False,Image,False,8,3,2,1
1119,01,lh-inferiorparietal,0.6790123456790124,0.34188172937891387,0.6250000000000001,0.6885278672467724,Mutual + Linear-SVM,unconscious,unconscious,False,Image,False,7,5,4,2
1120,01,lh-inferiorparietal,0.16666666666666669,-0.49099025303098287,0.15384615384615383,0.696136231707867,Mutual + Linear-SVM,unconscious,unconscious,False,Image,False,3,1,5,6
1121,01,lh-inferiorparietal,0.5,0.16666666666666666,0.5,0.6764572461951668,Mutual + Linear-SVM,unconscious,unconscious,False,Image,False,6,3,3,3
1122,01,lh-inferiorparietal,0.45925925925925926,-0.28888888888888886,0.33333333333333337,0.7337845342433892,Mutual + Linear-SVM,unconscious,unconscious,False,Image,False,4,4,11,5
1123,01,lh-inferiorparietal,0.6111111111111112,0.05555555555555555,0.5263157894736842,0.697521300706575,Mutual + Linear-SVM,unconscious,unconscious,False,Image,False,5,5,5,4
1124,01,lh-inferiorparietal,0.5,-0.2828894749305018,0.2,0.6548861370557835,Mutual + Linear-SVM,unconscious,unconscious,False,Image,False,4,1,3,5
1125,01,lh-inferiorparietal,0.3111111111111111,-0.4472135954999579,0.16666666666666666,0.6739104520495144,Mutual + Linear-SVM,unconscious,unconscious,False,Image,False,3,1,4,6
1126,01,lh-inferiorparietal,0.5185185185185186,0.12309149097933272,0.4,0.6791629838080309,Mutual + Linear-SVM,unconscious,unconscious,False,Image,False,7,2,4,2
1127,01,lh-inferiorparietal,0.5555555555555556,0.1690308509457033,0.5333333333333333,0.705016514534149,Mutual + Linear-SVM,unconscious,unconscious,False,Image,False,6,4,4,3
1128,01,lh-inferiorparietal,0.5037037037037038,0.021591675854376522,0.5384615384615385,0.7349499715935738,Mutual + Linear-SVM,unconscious,unconscious,False,Image,False,5,7,8,4
1129,01,lh-inferiorparietal,0.5185185185185186,0.0,0.3636363636363636,0.6740177524189253,Mutual + Linear-SVM,unconscious,unconscious,False,Image,False,6,2,4,3
1130,01,lh-inferiorparietal,0.6777777777777778,0.26666666666666666,0.631578947368421,0.7007574463095763,Mutual + Linear-SVM,unconscious,unconscious,False,Image,False,6,6,4,3
1131,01,lh-inferiorparietal,0.5277777777777778,0.05555555555555555,0.5,0.6927559992159745,Mutual + Linear-SVM,unconscious,unconscious,False,Image,False,5,4,4,4
1132,01,lh-inferiorparietal,0.4814814814814815,-0.1111111111111111,0.3333333333333333,0.6767752929947563,Mutual + Linear-SVM,unconscious,unconscious,False,Image,False,5,2,4,4
1133,01,lh-inferiorparietal,0.6111111111111112,-0.1336306209562122,0.22222222222222224,0.6194007415967312,Mutual + Linear-SVM,unconscious,unconscious,False,Image,False,3,1,1,6
1134,01,lh-inferiorparietal,0.7083333333333334,0.408491223118783,0.6666666666666666,0.684361539565716,Mutual + Linear-SVM,unconscious,unconscious,False,Image,False,7,5,3,2
1135,01,lh-inferiorparietal,0.5999999999999999,0.3373495424699933,0.5,0.6663211882789964,Mutual + Linear-SVM,unconscious,unconscious,False,Image,False,8,2,3,1
1136,01,lh-inferiorparietal,0.3939393939393939,-0.1919191919191919,0.39999999999999997,0.7297282302406416,Mutual + Linear-SVM,unconscious,unconscious,False,Image,False,4,4,7,5
1137,01,lh-inferiorparietal,0.3888888888888889,-0.408491223118783,0.33333333333333326,0.7104183778210393,Mutual + Linear-SVM,unconscious,unconscious,False,Image,False,2,3,5,7
1138,01,lh-inferiorparietal,0.3111111111111111,-0.4472135954999579,0.16666666666666666,0.6698380587901814,Mutual + Linear-SVM,unconscious,unconscious,False,Image,False,3,1,4,6
1139,01,lh-inferiorparietal,0.5555555555555556,-0.04303314829119352,0.3636363636363636,0.6658740396627308,Mutual + Linear-SVM,unconscious,unconscious,False,Image,False,5,2,3,4
1140,01,lh-inferiorparietal,0.4,-0.044946657497549475,0.4444444444444445,0.7190248595803574,Mutual + Linear-SVM,unconscious,unconscious,False,Image,False,5,4,6,4
1141,01,lh-inferiorparietal,0.33333333333333337,-0.21821789023599236,0.30769230769230765,0.6828445167687517,Mutual + Linear-SVM,unconscious,unconscious,False,Image,False,4,2,4,5
1142,01,lh-inferiorparietal,0.5416666666666666,0.05555555555555555,0.5,0.6917121274913406,Mutual + Linear-SVM,unconscious,unconscious,False,Image,False,5,4,4,4
1143,01,lh-inferiorparietal,0.5555555555555556,-0.2777777777777778,0.30769230769230765,0.6477289264952077,Mutual + Linear-SVM,unconscious,unconscious,False,Image,False,2,2,2,7
1144,01,lh-inferiorparietal,0.5308641975308642,-0.11396057645963795,0.375,0.6976499215507481,Mutual + Linear-SVM,unconscious,unconscious,False,Image,False,5,3,6,4
1145,01,lh-inferiorparietal,0.763888888888889,0.408491223118783,0.6666666666666666,0.6819090377729666,Mutual + Linear-SVM,unconscious,unconscious,False,Image,False,7,5,3,2
1146,01,lh-inferiorparietal,0.8611111111111112,0.6396021490668313,0.6666666666666666,0.646438344797539,Mutual + Linear-SVM,unconscious,unconscious,False,Image,False,9,2,2,0
1147,01,lh-inferiorparietal,0.2888888888888889,-0.4472135954999579,0.16666666666666666,0.6746298246520697,Mutual + Linear-SVM,unconscious,unconscious,False,Image,False,3,1,4,6
1148,01,lh-inferiorparietal,0.7619047619047619,0.3578300267477955,0.6153846153846153,0.6654770785887187,Mutual + Linear-SVM,unconscious,unconscious,False,Image,False,7,4,3,2
1149,01,lh-inferiorparietal,0.1904761904761905,-0.5238095238095238,0.14285714285714285,0.7167064543157746,Mutual + Linear-SVM,unconscious,unconscious,False,Image,False,3,1,6,6
1150,01,lh-inferiorparietal,0.35353535353535354,-0.1919191919191919,0.39999999999999997,0.7187053147608646,Mutual + Linear-SVM,unconscious,unconscious,False,Image,False,4,4,7,5
1151,01,lh-inferiorparietal,0.40740740740740744,-0.21821789023599236,0.30769230769230765,0.6911576067803871,Mutual + Linear-SVM,unconscious,unconscious,False,Image,False,4,2,4,5
1152,01,lh-inferiorparietal,0.5111111111111111,-0.25819888974716115,0.3076923076923077,0.6655047075113514,Mutual + Linear-SVM,unconscious,unconscious,False,Image,False,3,2,3,6
1153,01,lh-inferiorparietal,0.5,-0.3042903097250923,0.0,0.6316035562350046,Mutual + Linear-SVM,unconscious,unconscious,False,Image,False,7,0,2,5
1154,01,lh-inferiorparietal,0.375,-0.28721347895177635,0.3157894736842105,0.686566769879672,Mutual + Linear-SVM,unconscious,unconscious,False,Image,False,4,3,5,8
1155,01,lh-inferiorparietal,0.3653846153846154,-0.11613144917081457,0.41666666666666663,0.7287907940102418,Mutual + Linear-SVM,unconscious,unconscious,False,Image,False,6,5,8,6
1156,01,lh-inferiorparietal,0.5555555555555556,0.2222222222222222,0.5555555555555556,0.6814105153072421,Mutual + Linear-SVM,unconscious,unconscious,False,Image,False,8,5,4,4
1157,01,lh-inferiorparietal,0.0,-0.7817359599705717,0.0,0.6597221963525711,Mutual + Linear-SVM,unconscious,unconscious,False,Image,False,1,0,2,11
1158,01,lh-inferiorparietal,0.5666666666666667,-0.015430334996209192,0.3333333333333333,0.6570133367847566,Mutual + Linear-SVM,unconscious,unconscious,False,Image,False,7,2,3,5
1159,01,lh-inferiorparietal,0.35416666666666663,-0.12309149097933272,0.35294117647058826,0.6866982093390999,Mutual + Linear-SVM,unconscious,unconscious,False,Image,False,6,3,5,6
1160,01,lh-inferiorparietal,0.5666666666666667,0.06356417261637282,0.3636363636363636,0.6546907430634089,Mutual + Linear-SVM,unconscious,unconscious,False,Image,False,8,2,3,4
1161,01,lh-inferiorparietal,0.6041666666666666,-0.041666666666666664,0.375,0.6737512569481686,Mutual + Linear-SVM,unconscious,unconscious,False,Image,False,7,3,5,5
1162,01,lh-inferiorparietal,0.37037037037037035,0.027777777777777776,0.4444444444444444,0.7010752971132456,Mutual + Linear-SVM,unconscious,unconscious,False,Image,False,7,4,5,5
1163,01,lh-inferiorparietal,0.40476190476190477,-0.06900655593423542,0.375,0.6861620980053518,Mutual + Linear-SVM,unconscious,unconscious,False,Image,False,6,3,4,6
1164,01,lh-inferiorparietal,0.2777777777777778,-0.31622776601683794,0.25,0.6757543748781335,Mutual + Linear-SVM,unconscious,unconscious,False,Image,False,4,2,4,8
1165,01,lh-inferiorparietal,0.3712121212121212,-0.2196969696969697,0.36363636363636365,0.7056091497864017,Mutual + Linear-SVM,unconscious,unconscious,False,Image,False,5,4,7,7
1166,01,lh-inferiorparietal,0.65,0.09128709291752769,0.42857142857142855,0.6518238578080456,Mutual + Linear-SVM,unconscious,unconscious,False,Image,False,6,3,2,6
1167,01,lh-inferiorparietal,0.5277777777777778,0.027777777777777776,0.4444444444444444,0.6777948499838374,Mutual + Linear-SVM,unconscious,unconscious,False,Image,False,7,4,5,5
1168,01,lh-inferiorparietal,0.09722222222222222,-0.5533985905294664,0.125,0.6912782130065893,Mutual + Linear-SVM,unconscious,unconscious,False,Image,False,3,1,5,9
1169,01,lh-inferiorparietal,0.2777777777777778,-0.5,0.2222222222222222,0.6799293105627915,Mutual + Linear-SVM,unconscious,unconscious,False,Image,False,2,2,4,10
1170,01,lh-inferiorparietal,0.5555555555555556,0.11602387022306429,0.5714285714285715,0.7122149380490875,Mutual + Linear-SVM,unconscious,unconscious,False,Image,False,7,8,7,5
1171,01,lh-inferiorparietal,0.425,-0.1,0.4000000000000001,0.6934698734395125,Mutual + Linear-SVM,unconscious,unconscious,False,Image,False,6,4,6,6
1172,01,lh-inferiorparietal,0.41666666666666663,-0.2886751345948129,0.16666666666666666,0.6580489816725921,Mutual + Linear-SVM,unconscious,unconscious,False,Image,False,5,1,3,7
1173,01,lh-inferiorparietal,0.3666666666666667,-0.34993385618385614,0.15384615384615385,0.6663802553968479,Mutual + Linear-SVM,unconscious,unconscious,False,Image,False,5,1,4,7
1174,01,lh-inferiorparietal,0.3194444444444444,-0.4029114820126901,0.23529411764705885,0.6745327736743837,Mutual + Linear-SVM,unconscious,unconscious,False,Image,False,3,2,4,9
1175,01,lh-inferiorparietal,0.40625,0.0,0.4444444444444445,0.7007494225293895,Mutual + Linear-SVM,unconscious,unconscious,False,Image,False,6,4,4,6
1176,01,lh-inferiorparietal,0.40555555555555556,-0.1,0.4444444444444445,0.7241746690323647,Mutual + Linear-SVM,unconscious,unconscious,False,Image,False,6,6,9,6
1177,01,lh-inferiorparietal,0.513888888888889,-0.07905694150420949,0.37499999999999994,0.6614041977681135,Mutual + Linear-SVM,unconscious,unconscious,False,Image,False,5,3,3,7
1178,01,lh-inferiorparietal,0.5166666666666666,-0.016878989451394443,0.4210526315789474,0.6884277277562929,Mutual + Linear-SVM,unconscious,unconscious,False,Image,False,7,4,6,5
1179,01,lh-inferiorparietal,0.4375,-0.041666666666666664,0.375,0.6811441921569045,Mutual + Linear-SVM,unconscious,unconscious,False,Image,False,7,3,5,5
1180,01,lh-inferiorparietal,0.5972222222222222,-0.15811388300841897,0.28571428571428575,0.661154852479387,Mutual + Linear-SVM,unconscious,unconscious,False,Image,False,6,2,4,6
1181,01,lh-inferiorparietal,0.5416666666666667,-0.2842676218074806,0.15384615384615385,0.6291104076009356,Mutual + Linear-SVM,unconscious,unconscious,False,Image,False,2,1,1,10
1182,01,lh-inferiorparietal,0.6666666666666667,0.28721347895177635,0.5882352941176471,0.6733636228603165,Mutual + Linear-SVM,unconscious,unconscious,False,Image,False,8,5,3,4
1183,01,lh-inferiorparietal,0.4833333333333333,0.15,0.4000000000000001,0.6600235302585216,Mutual + Linear-SVM,unconscious,unconscious,False,Image,False,9,2,3,3
1184,01,lh-inferiorparietal,0.1893939393939394,-0.4885638532419674,0.1904761904761905,0.7208193056690105,Mutual + Linear-SVM,unconscious,unconscious,False,Image,False,4,2,9,8
1185,01,lh-inferiorparietal,0.4270833333333333,-0.041666666666666664,0.375,0.6822642516506241,Mutual + Linear-SVM,unconscious,unconscious,False,Image,False,7,3,5,5
1186,01,lh-inferiorparietal,0.30000000000000004,-0.42600643361512924,0.14285714285714285,0.6640369275314293,Mutual + Linear-SVM,unconscious,unconscious,False,Image,False,4,1,4,8
1187,01,lh-inferiorparietal,0.35000000000000003,-0.24688535993934707,0.26666666666666666,0.6641033460368337,Mutual + Linear-SVM,unconscious,unconscious,False,Image,False,4,2,3,8
1188,01,lh-inferiorparietal,0.4083333333333333,-0.18257418583505536,0.380952380952381,0.693226970951339,Mutual + Linear-SVM,unconscious,unconscious,False,Image,False,5,4,6,7
1189,01,lh-inferiorparietal,0.2777777777777778,-0.4714045207910316,0.13333333333333333,0.6828044089631531,Mutual + Linear-SVM,unconscious,unconscious,False,Image,False,4,1,5,8
1190,01,lh-inferiorparietal,0.40625,0.0,0.4444444444444445,0.6822188584765563,Mutual + Linear-SVM,unconscious,unconscious,False,Image,False,6,4,4,6
1191,01,lh-inferiorparietal,0.5,0.4472135954999579,0.4,0.6524347196444427,Mutual + Linear-SVM,unconscious,unconscious,False,Image,False,12,1,3,0
1192,01,lh-inferiorparietal,0.2685185185185185,-0.3611111111111111,0.2222222222222222,0.7021395591781833,Mutual + Linear-SVM,unconscious,unconscious,False,Image,False,5,2,7,7
1193,01,lh-inferiorparietal,0.5729166666666667,0.08206099398622181,0.47058823529411764,0.6719893326173445,Mutual + Linear-SVM,unconscious,unconscious,False,Image,False,7,4,4,5
1194,01,lh-inferiorparietal,0.47916666666666663,0.0,0.25,0.6506749233048537,Mutual + Linear-SVM,unconscious,unconscious,False,Image,False,9,1,3,3
1195,01,lh-inferiorparietal,0.23333333333333334,-0.34993385618385614,0.15384615384615385,0.6713383200041875,Mutual + Linear-SVM,unconscious,unconscious,False,Image,False,5,1,4,7
1196,01,lh-inferiorparietal,0.6547619047619049,0.2326210525996177,0.5333333333333333,0.6679899611077899,Mutual + Linear-SVM,unconscious,unconscious,False,Image,False,8,4,3,4
1197,01,lh-inferiorparietal,0.20238095238095236,-0.4303489473092928,0.13333333333333333,0.7108930837729432,Mutual + Linear-SVM,unconscious,unconscious,False,Image,False,5,1,6,7
1198,01,lh-inferiorparietal,0.3257575757575758,-0.3939393939393939,0.2727272727272727,0.705989326082605,Mutual + Linear-SVM,unconscious,unconscious,False,Image,False,4,3,8,8
1199,01,lh-inferiorparietal,0.3333333333333333,-0.31622776601683794,0.25,0.6934394224912102,Mutual + Linear-SVM,unconscious,unconscious,False,Image,False,4,2,4,8
1200,01,lh-inferiorparietal,0.4,-0.3337119062359573,0.25000000000000006,0.6656515836666758,Mutual + Linear-SVM,unconscious,unconscious,False,Image,False,3,2,3,9
1201,01,lh-inferiorparietal,0.6,0.02151657414559676,0.2,0.6182582429536781,Mutual + Linear-SVM,unconscious,unconscious,False,Image,False,8,1,1,7
1202,01,lh-inferiorparietal,0.36666666666666664,-0.2722178614686481,0.22222222222222224,0.6804923112901435,Mutual + Linear-SVM,unconscious,unconscious,False,Image,False,7,2,6,8
1203,01,lh-inferiorparietal,0.5333333333333333,0.20672455764868078,0.5599999999999999,0.6917428709954797,Mutual + Linear-SVM,unconscious,unconscious,False,Image,False,10,7,6,5
1204,01,lh-inferiorparietal,0.6518518518518518,0.21821789023599236,0.5263157894736842,0.6685529908751087,Mutual + Linear-SVM,unconscious,unconscious,False,Image,False,10,5,4,5
1205,01,lh-inferiorparietal,0.4666666666666667,-0.23570226039551584,0.0,0.6218166040793589,Mutual + Linear-SVM,unconscious,unconscious,False,Image,False,10,0,2,5
1206,01,lh-inferiorparietal,0.6133333333333334,0.23570226039551584,0.4615384615384615,0.6454441516201956,Mutual + Linear-SVM,unconscious,unconscious,False,Image,False,10,3,2,5
1207,01,lh-inferiorparietal,0.4666666666666667,-0.02439750182371333,0.35294117647058826,0.6667589212344529,Mutual + Linear-SVM,unconscious,unconscious,False,Image,False,9,3,5,6
1208,01,lh-inferiorparietal,0.6533333333333333,0.40422604172722165,0.5,0.6374084662968343,Mutual + Linear-SVM,unconscious,unconscious,False,Image,False,14,2,3,1
1209,01,lh-inferiorparietal,0.6083333333333333,0.23333333333333334,0.5,0.6596428640025295,Mutual + Linear-SVM,unconscious,unconscious,False,Image,False,11,4,4,4
1210,01,lh-inferiorparietal,0.5777777777777777,0.21821789023599236,0.5263157894736842,0.6689145977251757,Mutual + Linear-SVM,unconscious,unconscious,False,Image,False,10,5,4,5
1211,01,lh-inferiorparietal,0.41904761904761906,-0.09759000729485331,0.33333333333333326,0.6648971733754372,Mutual + Linear-SVM,unconscious,unconscious,False,Image,False,7,3,4,8
1212,01,lh-inferiorparietal,0.42222222222222217,-0.3721042037676254,0.21052631578947367,0.6566276027327929,Mutual + Linear-SVM,unconscious,unconscious,False,Image,False,4,2,4,11
1213,01,lh-inferiorparietal,0.44242424242424244,-0.012012499502607453,0.43478260869565216,0.6871960036199459,Mutual + Linear-SVM,unconscious,unconscious,False,Image,False,8,5,6,7
1214,01,lh-inferiorparietal,0.6000000000000001,0.30261376633440124,0.5,0.6450677807783745,Mutual + Linear-SVM,unconscious,unconscious,False,Image,False,11,3,2,4
1215,01,lh-inferiorparietal,0.5555555555555556,0.04364357804719848,0.4210526315789474,0.6676514044571794,Mutual + Linear-SVM,unconscious,unconscious,False,Image,False,9,4,5,6
1216,01,lh-inferiorparietal,0.21111111111111108,-0.5172935265326569,0.1111111111111111,0.666406565765697,Mutual + Linear-SVM,unconscious,unconscious,False,Image,False,4,1,5,11
1217,01,lh-inferiorparietal,0.3333333333333333,-0.3042903097250923,0.2222222222222222,0.6620315580172886,Mutual + Linear-SVM,unconscious,unconscious,False,Image,False,5,2,4,10
1218,01,lh-inferiorparietal,0.6177777777777778,0.40089186286863654,0.689655172413793,0.6941840728905557,Mutual + Linear-SVM,unconscious,unconscious,False,Image,False,11,10,5,4
1219,01,lh-inferiorparietal,0.4866666666666667,0.09869275424396534,0.47619047619047616,0.6830065662027546,Mutual + Linear-SVM,unconscious,unconscious,False,Image,False,9,5,5,6
1220,01,lh-inferiorparietal,0.4,-0.23134069792952236,0.15384615384615383,0.6418668472102486,Mutual + Linear-SVM,unconscious,unconscious,False,Image,False,7,1,3,8
1221,01,lh-inferiorparietal,0.45333333333333337,-0.17407765595569785,0.25000000000000006,0.6471722151560091,Mutual + Linear-SVM,unconscious,unconscious,False,Image,False,6,2,3,9
1222,01,lh-inferiorparietal,0.36666666666666664,-0.18090680674665818,0.25,0.6600501393580118,Mutual + Linear-SVM,unconscious,unconscious,False,Image,False,7,2,4,8
1223,01,lh-inferiorparietal,0.5916666666666667,0.349697526139891,0.5882352941176471,0.6703191213344213,Mutual + Linear-SVM,unconscious,unconscious,False,Image,False,11,5,3,4
1224,01,lh-inferiorparietal,0.36444444444444446,-0.1336306209562122,0.4137931034482759,0.7084676581620212,Mutual + Linear-SVM,unconscious,unconscious,False,Image,False,7,6,9,8
1225,01,lh-inferiorparietal,0.4666666666666666,-0.12171612389003691,0.26666666666666666,0.6528693361321002,Mutual + Linear-SVM,unconscious,unconscious,False,Image,False,8,2,4,7
1226,01,lh-inferiorparietal,0.66,0.13074409009212268,0.5217391304347826,0.6696854553589755,Mutual + Linear-SVM,unconscious,unconscious,False,Image,False,8,6,4,7
1227,01,lh-inferiorparietal,0.5333333333333333,0.23333333333333334,0.5,0.6647895887924128,Mutual + Linear-SVM,unconscious,unconscious,False,Image,False,11,4,4,4
1228,01,lh-inferiorparietal,0.7555555555555555,0.4472135954999579,0.6153846153846153,0.6463061261705528,Mutual + Linear-SVM,unconscious,unconscious,False,Image,False,12,4,2,3
1229,01,lh-inferiorparietal,0.5,0.0,0.0,0.6177955931426009,Mutual + Linear-SVM,unconscious,unconscious,False,Image,False,15,0,2,0
1230,01,lh-inferiorparietal,0.6916666666666667,0.349697526139891,0.5882352941176471,0.6613249392388699,Mutual + Linear-SVM,unconscious,unconscious,False,Image,False,11,5,3,4
1231,01,lh-inferiorparietal,0.64,0.17407765595569785,0.42857142857142855,0.6420392751230205,Mutual + Linear-SVM,unconscious,unconscious,False,Image,False,9,3,2,6
1232,01,lh-inferiorparietal,0.4060606060606061,-0.2606060606060606,0.2727272727272727,0.6904283656796859,Mutual + Linear-SVM,unconscious,unconscious,False,Image,False,7,3,8,8
1233,01,lh-inferiorparietal,0.4666666666666667,-0.21452908258025827,0.3,0.6719233690260694,Mutual + Linear-SVM,unconscious,unconscious,False,Image,False,6,3,5,9
1234,01,lh-inferiorparietal,0.29333333333333333,-0.4061811972299616,0.12500000000000003,0.6553257269698409,Mutual + Linear-SVM,unconscious,unconscious,False,Image,False,5,1,4,10
1235,01,lh-inferiorparietal,0.5733333333333334,-0.058025885318565944,0.2857142857142857,0.6459384819640767,Mutual + Linear-SVM,unconscious,unconscious,False,Image,False,8,2,3,7
1236,01,lh-inferiorparietal,0.48666666666666664,0.03268602252303067,0.45454545454545453,0.6820703640884865,Mutual + Linear-SVM,unconscious,unconscious,False,Image,False,8,5,5,7
1237,01,lh-inferiorparietal,0.4888888888888889,0.03015113445777636,0.37499999999999994,0.6583069481294305,Mutual + Linear-SVM,unconscious,unconscious,False,Image,False,8,3,3,7
1238,01,lh-inferiorparietal,0.5416666666666666,-0.02439750182371333,0.35294117647058826,0.6644106571961742,Mutual + Linear-SVM,unconscious,unconscious,False,Image,False,9,3,5,6
1239,01,lh-inferiorparietal,0.5166666666666666,-0.27774602993176545,0.22222222222222224,0.6390176420621335,Mutual + Linear-SVM,unconscious,unconscious,False,Image,False,3,2,2,12
1240,01,lh-inferiorparietal,0.48148148148148145,-0.08606629658238706,0.380952380952381,0.6714349495815158,Mutual + Linear-SVM,unconscious,unconscious,False,Image,False,7,4,5,8
1241,01,lh-inferiorparietal,0.8333333333333334,0.6166666666666667,0.75,0.6477301300887716,Mutual + Linear-SVM,unconscious,unconscious,False,Image,False,13,6,2,2
1242,01,lh-inferiorparietal,0.55,-0.1267731382092775,0.18181818181818182,0.6343533128027745,Mutual + Linear-SVM,unconscious,unconscious,False,Image,False,9,1,3,6
1243,01,lh-inferiorparietal,0.32,-0.4061811972299616,0.12500000000000003,0.6504102475211853,Mutual + Linear-SVM,unconscious,unconscious,False,Image,False,5,1,4,10
1244,01,lh-inferiorparietal,0.7428571428571428,0.295084445425327,0.5333333333333333,0.6523491685426301,Mutual + Linear-SVM,unconscious,unconscious,False,Image,False,11,4,3,4
1245,01,lh-inferiorparietal,0.2857142857142857,-0.3563483225498992,0.2105263157894737,0.6800440656238902,Mutual + Linear-SVM,unconscious,unconscious,False,Image,False,5,2,5,10
1246,01,lh-inferiorparietal,0.49696969696969695,-0.012012499502607453,0.43478260869565216,0.6819597881520314,Mutual + Linear-SVM,unconscious,unconscious,False,Image,False,8,5,6,7
1247,01,lh-inferiorparietal,0.4,-0.2412090756622109,0.23529411764705885,0.6597294752669798,Mutual + Linear-SVM,unconscious,unconscious,False,Image,False,6,2,4,9
1248,01,lh-inferiorparietal,0.48,-0.058025885318565944,0.2857142857142857,0.6526838559081489,Mutual + Linear-SVM,unconscious,unconscious,False,Image,False,8,2,3,7
1249,01,lh-inferiorparietal,0.5833333333333334,0.14907119849998599,0.4,0.6513513907480212,Mutual + Linear-SVM,unconscious,unconscious,False,Image,False,4,1,1,2
1250,01,lh-inferiorparietal,0.20833333333333331,-0.5594309277855158,0.15384615384615385,0.7571191833597808,Mutual + Linear-SVM,unconscious,unconscious,False,Image,False,2,1,7,4
1251,01,lh-inferiorparietal,0.35897435897435903,-0.18531232916527532,0.4,0.7674396913809628,Mutual + Linear-SVM,unconscious,unconscious,False,Image,False,3,4,9,3
1252,01,lh-inferiorparietal,0.4444444444444444,0.05455447255899809,0.5882352941176471,0.7221755405194386,Mutual + Linear-SVM,unconscious,unconscious,False,Image,False,3,5,4,3
1253,01,lh-inferiorparietal,0.25,-0.4472135954999579,0.0,0.6653290477012614,Mutual + Linear-SVM,unconscious,unconscious,False,Image,False,3,0,2,3
1254,01,lh-inferiorparietal,0.26666666666666666,-0.3105295017040594,0.22222222222222224,0.696904168499147,Mutual + Linear-SVM,unconscious,unconscious,False,Image,False,3,1,4,3
1255,01,lh-inferiorparietal,0.4375,0.04303314829119352,0.4615384615384615,0.7223735084973014,Mutual + Linear-SVM,unconscious,unconscious,False,Image,False,4,3,5,2
1256,01,lh-inferiorparietal,0.5,-0.14907119849998599,0.25,0.687905489358351,Mutual + Linear-SVM,unconscious,unconscious,False,Image,False,4,1,4,2
1257,01,lh-inferiorparietal,0.5625,-0.09128709291752768,0.3333333333333333,0.7103332099366029,Mutual + Linear-SVM,unconscious,unconscious,False,Image,False,4,2,6,2
1258,01,lh-inferiorparietal,0.42592592592592593,-0.05455447255899809,0.5,0.73183588664705,Mutual + Linear-SVM,unconscious,unconscious,False,Image,False,3,4,5,3
1259,01,lh-inferiorparietal,0.42857142857142855,-0.07142857142857142,0.4615384615384615,0.7332361527743252,Mutual + Linear-SVM,unconscious,unconscious,False,Image,False,3,3,4,3
1260,01,lh-inferiorparietal,0.25,-0.1690308509457033,0.3636363636363636,0.7164854487183323,Mutual + Linear-SVM,unconscious,unconscious,False,Image,False,3,2,4,3
1261,01,lh-inferiorparietal,0.3939393939393939,-0.13241022442571243,0.4444444444444444,0.7449110634555391,Mutual + Linear-SVM,unconscious,unconscious,False,Image,False,3,4,7,3
1262,01,lh-inferiorparietal,0.6000000000000001,0.26666666666666666,0.6,0.6890459063006626,Mutual + Linear-SVM,unconscious,unconscious,False,Image,False,4,3,2,2
1263,01,lh-inferiorparietal,0.4444444444444445,-0.05455447255899809,0.5,0.7233801637052552,Mutual + Linear-SVM,unconscious,unconscious,False,Image,False,3,4,5,3
1264,01,lh-inferiorparietal,0.16666666666666663,-0.50709255283711,0.1818181818181818,0.7321208499851157,Mutual + Linear-SVM,unconscious,unconscious,False,Image,False,2,1,5,4
1265,01,lh-inferiorparietal,0.3055555555555556,-0.1690308509457033,0.3636363636363636,0.7350392281684504,Mutual + Linear-SVM,unconscious,unconscious,False,Image,False,3,2,4,3
1266,01,lh-inferiorparietal,0.3777777777777778,-0.09128709291752768,0.5,0.7573323515572893,Mutual + Linear-SVM,unconscious,unconscious,False,Image,False,3,6,9,3
1267,01,lh-inferiorparietal,0.41666666666666663,0.0,0.5555555555555556,0.7284504686299591,Mutual + Linear-SVM,unconscious,unconscious,False,Image,False,3,5,5,3
1268,01,lh-inferiorparietal,0.41666666666666663,0.0,0.4444444444444445,0.6848483933510481,Mutual + Linear-SVM,unconscious,unconscious,False,Image,False,3,2,2,3
1269,01,lh-inferiorparietal,0.2,-0.4666666666666667,0.20000000000000004,0.7187126434514464,Mutual + Linear-SVM,unconscious,unconscious,False,Image,False,2,1,4,4
1270,01,lh-inferiorparietal,0.25,-0.1690308509457033,0.3636363636363636,0.726289511720373,Mutual + Linear-SVM,unconscious,unconscious,False,Image,False,3,2,4,3
1271,01,lh-inferiorparietal,0.375,0.04303314829119352,0.4615384615384615,0.7418191063491211,Mutual + Linear-SVM,unconscious,unconscious,False,Image,False,4,3,5,2
1272,01,lh-inferiorparietal,0.2777777777777778,-0.3,0.28571428571428575,0.7678916967574042,Mutual + Linear-SVM,unconscious,unconscious,False,Image,False,3,3,12,3
1273,01,lh-inferiorparietal,0.47222222222222227,0.0,0.5,0.7060290600052518,Mutual + Linear-SVM,unconscious,unconscious,False,Image,False,3,3,3,3
1274,01,lh-inferiorparietal,0.4666666666666667,0.09759000729485331,0.631578947368421,0.7273647321197956,Mutual + Linear-SVM,unconscious,unconscious,False,Image,False,3,6,4,3
1275,01,lh-inferiorparietal,0.3541666666666667,0.0,0.5333333333333333,0.7259075895703523,Mutual + Linear-SVM,unconscious,unconscious,False,Image,False,3,4,4,3
1276,01,lh-inferiorparietal,0.3888888888888889,-0.1690308509457033,0.3636363636363636,0.7003964232144502,Mutual + Linear-SVM,unconscious,unconscious,False,Image,False,3,2,4,3
1277,01,lh-inferiorparietal,0.5,0.0,0.3333333333333333,0.64986999433274,Mutual + Linear-SVM,unconscious,unconscious,False,Image,False,3,1,1,3
1278,01,lh-inferiorparietal,0.5416666666666667,0.16666666666666666,0.5714285714285715,0.7106471154163213,Mutual + Linear-SVM,unconscious,unconscious,False,Image,False,4,4,4,2
1279,01,lh-inferiorparietal,0.43333333333333335,0.06900655593423542,0.4444444444444445,0.6931056259380495,Mutual + Linear-SVM,unconscious,unconscious,False,Image,False,4,2,3,2
1280,01,lh-inferiorparietal,0.43939393939393945,-0.04351941398892446,0.5263157894736842,0.7522160355528523,Mutual + Linear-SVM,unconscious,unconscious,False,Image,False,3,5,6,3
1281,01,lh-inferiorparietal,0.375,-0.125,0.42857142857142855,0.7431964135156138,Mutual + Linear-SVM,unconscious,unconscious,False,Image,False,3,3,5,3
1282,01,lh-inferiorparietal,0.3,-0.3105295017040594,0.22222222222222224,0.7015719179896979,Mutual + Linear-SVM,unconscious,unconscious,False,Image,False,3,1,4,3
1283,01,lh-inferiorparietal,0.5,-0.14907119849998599,0.25,0.6894915993876292,Mutual + Linear-SVM,unconscious,unconscious,False,Image,False,4,1,4,2
1284,01,lh-inferiorparietal,0.5333333333333333,0.16265001215808886,0.588235294117647,0.7412234510679258,Mutual + Linear-SVM,unconscious,unconscious,False,Image,False,4,5,5,2
1285,01,lh-inferiorparietal,0.38888888888888895,-0.1690308509457033,0.3636363636363636,0.7103818033730608,Mutual + Linear-SVM,unconscious,unconscious,False,Image,False,3,2,4,3
1286,01,lh-inferiorparietal,0.3958333333333333,-0.125,0.42857142857142855,0.7334245685153897,Mutual + Linear-SVM,unconscious,unconscious,False,Image,False,3,3,5,3
1287,01,lh-inferiorparietal,0.5,-0.0890870806374748,0.28571428571428575,0.6798870780140748,Mutual + Linear-SVM,unconscious,unconscious,False,Image,False,4,1,3,2
1288,01,lh-inferiorparietal,0.3703703703703704,-0.05455447255899809,0.5,0.7468598372840565,Mutual + Linear-SVM,unconscious,unconscious,False,Image,False,3,4,5,3
1289,01,lh-inferiorparietal,0.6041666666666666,0.04303314829119352,0.4615384615384615,0.6966064658740915,Mutual + Linear-SVM,unconscious,unconscious,False,Image,False,4,3,5,2
1290,01,lh-inferiorparietal,0.45833333333333337,-0.25,0.25,0.6802332737100203,Mutual + Linear-SVM,unconscious,unconscious,False,Image,False,3,1,3,3
1291,01,lh-inferiorparietal,0.16666666666666669,-0.4666666666666667,0.20000000000000004,0.7024425692358739,Mutual + Linear-SVM,unconscious,unconscious,False,Image,False,2,1,4,4
1292,01,lh-inferiorparietal,0.6428571428571429,0.23809523809523808,0.6153846153846153,0.6942668860628041,Mutual + Linear-SVM,unconscious,unconscious,False,Image,False,4,4,3,2
1293,01,lh-inferiorparietal,0.1904761904761905,-0.38095238095238093,0.30769230769230765,0.7717656637682644,Mutual + Linear-SVM,unconscious,unconscious,False,Image,False,2,2,5,4
1294,01,lh-inferiorparietal,0.5,0.13241022442571243,0.6666666666666666,0.7414646232484486,Mutual + Linear-SVM,unconscious,unconscious,False,Image,False,3,7,4,3
1295,01,lh-inferiorparietal,0.38888888888888884,-0.1690308509457033,0.3636363636363636,0.724474442399227,Mutual + Linear-SVM,unconscious,unconscious,False,Image,False,3,2,4,3
1296,01,lh-inferiorparietal,0.23333333333333334,-0.3105295017040594,0.22222222222222224,0.7074941943835529,Mutual + Linear-SVM,unconscious,unconscious,False,Image,False,3,1,4,3
1297,01,lh-inferiorparietal,0.6,0.09128709291752768,0.4,0.6548577576088421,Mutual + Linear-SVM,unconscious,unconscious,False,Image,False,3,1,1,2
1298,01,lh-inferiorparietal,0.4,-0.31754264805429416,0.18181818181818182,0.7534510175659269,Mutual + Linear-SVM,unconscious,unconscious,False,Image,False,3,1,7,2
1299,01,lh-inferiorparietal,0.4769230769230769,0.05547001962252291,0.5714285714285714,0.7712000873739177,Mutual + Linear-SVM,unconscious,unconscious,False,Image,False,3,6,7,2
1300,01,lh-inferiorparietal,0.5333333333333333,0.04303314829119352,0.5333333333333333,0.7280154591877711,Mutual + Linear-SVM,unconscious,unconscious,False,Image,False,3,4,5,2
1301,01,lh-inferiorparietal,0.2,-0.5477225575051661,0.0,0.6717298039908348,Mutual + Linear-SVM,unconscious,unconscious,False,Image,False,2,0,2,3
1302,01,lh-inferiorparietal,0.6000000000000001,0.2,0.6,0.6908070426076004,Mutual + Linear-SVM,unconscious,unconscious,False,Image,False,3,3,2,2
1303,01,lh-inferiorparietal,0.24999999999999997,-0.35,0.3076923076923077,0.738230067430789,Mutual + Linear-SVM,unconscious,unconscious,False,Image,False,2,2,6,3
1304,01,lh-inferiorparietal,0.68,0.408248290463863,0.6666666666666665,0.6828446978472875,Mutual + Linear-SVM,unconscious,unconscious,False,Image,False,4,3,2,1
1305,01,lh-inferiorparietal,0.475,-0.025,0.4615384615384615,0.7249701961392865,Mutual + Linear-SVM,unconscious,unconscious,False,Image,False,3,3,5,2
1306,01,lh-inferiorparietal,0.5555555555555556,0.14907119849998599,0.6250000000000001,0.7253793136031398,Mutual + Linear-SVM,unconscious,unconscious,False,Image,False,3,5,4,2
1307,01,lh-inferiorparietal,0.4857142857142857,0.02857142857142857,0.5,0.7287426806077457,Mutual + Linear-SVM,unconscious,unconscious,False,Image,False,3,3,4,2
1308,01,lh-inferiorparietal,0.36666666666666664,-0.4485426135725303,0.2,0.7270398064753906,Mutual + Linear-SVM,unconscious,unconscious,False,Image,False,2,1,5,3
1309,01,lh-inferiorparietal,0.2727272727272727,-0.13483997249264842,0.5263157894736842,0.7543205136267104,Mutual + Linear-SVM,unconscious,unconscious,False,Image,False,2,5,6,3
1310,01,lh-inferiorparietal,0.6400000000000001,0.408248290463863,0.6666666666666665,0.6976291744377688,Mutual + Linear-SVM,unconscious,unconscious,False,Image,False,4,3,2,1
1311,01,lh-inferiorparietal,0.6,0.34426518632954817,0.6666666666666667,0.722368118855707,Mutual + Linear-SVM,unconscious,unconscious,False,Image,False,4,5,4,1
1312,01,lh-inferiorparietal,0.09999999999999999,-0.4485426135725303,0.2,0.7651549235320164,Mutual + Linear-SVM,unconscious,unconscious,False,Image,False,2,1,5,3
1313,01,lh-inferiorparietal,0.23333333333333334,-0.26666666666666666,0.3636363636363636,0.7533747458712683,Mutual + Linear-SVM,unconscious,unconscious,False,Image,False,2,2,4,3
1314,01,lh-inferiorparietal,0.5333333333333333,0.058025885318565944,0.5833333333333334,0.7641666284995897,Mutual + Linear-SVM,unconscious,unconscious,False,Image,False,3,7,8,2
1315,01,lh-inferiorparietal,0.45999999999999996,-0.1,0.4,0.741835046330453,Mutual + Linear-SVM,unconscious,unconscious,False,Image,False,3,3,7,2
1316,01,lh-inferiorparietal,0.45,-0.15811388300841897,0.28571428571428575,0.6934473461227297,Mutual + Linear-SVM,unconscious,unconscious,False,Image,False,3,1,3,2
1317,01,lh-inferiorparietal,0.039999999999999994,-0.816496580927726,0.0,0.7246767120699269,Mutual + Linear-SVM,unconscious,unconscious,False,Image,False,1,0,5,4
1318,01,lh-inferiorparietal,0.3,-0.06900655593423542,0.4,0.7271389049577174,Mutual + Linear-SVM,unconscious,unconscious,False,Image,False,3,2,4,2
1319,01,lh-inferiorparietal,0.575,0.09759000729485333,0.5714285714285715,0.7333822105986451,Mutual + Linear-SVM,unconscious,unconscious,False,Image,False,3,4,4,2
1320,01,lh-inferiorparietal,0.41333333333333333,-0.060522753266880246,0.4545454545454545,0.7717454623739164,Mutual + Linear-SVM,unconscious,unconscious,False,Image,False,3,5,10,2
1321,01,lh-inferiorparietal,0.39999999999999997,-0.06900655593423542,0.4,0.7194111265863733,Mutual + Linear-SVM,unconscious,unconscious,False,Image,False,3,2,4,2
1322,01,lh-inferiorparietal,0.52,0.09449111825230681,0.588235294117647,0.7283945063890702,Mutual + Linear-SVM,unconscious,unconscious,False,Image,False,3,5,5,2
1323,01,lh-inferiorparietal,0.44999999999999996,-0.025,0.4615384615384615,0.7305081940324663,Mutual + Linear-SVM,unconscious,unconscious,False,Image,False,3,3,5,2
1324,01,lh-inferiorparietal,0.6,0.1,0.5454545454545454,0.7007316132023926,Mutual + Linear-SVM,unconscious,unconscious,False,Image,False,3,3,3,2
1325,01,lh-inferiorparietal,0.6,-0.09128709291752768,0.3333333333333333,0.6468718142929403,Mutual + Linear-SVM,unconscious,unconscious,False,Image,False,2,1,1,3
1326,01,lh-inferiorparietal,0.65,0.09759000729485333,0.5714285714285715,0.7158219002301837,Mutual + Linear-SVM,unconscious,unconscious,False,Image,False,3,4,4,2
1327,01,lh-inferiorparietal,0.48,0.0,0.4444444444444445,0.7023050206056277,Mutual + Linear-SVM,unconscious,unconscious,False,Image,False,3,2,3,2
1328,01,lh-inferiorparietal,0.4,-0.034815531191139566,0.4705882352941177,0.767257282559992,Mutual + Linear-SVM,unconscious,unconscious,False,Image,False,3,4,7,2
1329,01,lh-inferiorparietal,0.4,-0.21957751641341997,0.42857142857142855,0.7501708544579208,Mutual + Linear-SVM,unconscious,unconscious,False,Image,False,2,3,5,3
1330,01,lh-inferiorparietal,0.39999999999999997,-0.2182178902359924,0.25,0.7089753581051883,Mutual + Linear-SVM,unconscious,unconscious,False,Image,False,3,1,4,2
1331,01,lh-inferiorparietal,0.27999999999999997,-0.2,0.4000000000000001,0.7082805807171962,Mutual + Linear-SVM,unconscious,unconscious,False,Image,False,2,2,3,3
1332,01,lh-inferiorparietal,0.45999999999999996,0.09449111825230681,0.588235294117647,0.7534706992296768,Mutual + Linear-SVM,unconscious,unconscious,False,Image,False,3,5,5,2
1333,01,lh-inferiorparietal,0.4666666666666666,0.1,0.5454545454545454,0.7225165947564595,Mutual + Linear-SVM,unconscious,unconscious,False,Image,False,3,3,3,2
1334,01,lh-inferiorparietal,0.35,-0.025,0.4615384615384615,0.7417652527511206,Mutual + Linear-SVM,unconscious,unconscious,False,Image,False,3,3,5,2
1335,01,lh-inferiorparietal,0.5,0.3952847075210474,0.4,0.6814863193037668,Mutual + Linear-SVM,unconscious,unconscious,False,Image,False,5,1,3,0
1336,01,lh-inferiorparietal,0.4,-0.18856180831641267,0.30769230769230765,0.7442486639365777,Mutual + Linear-SVM,unconscious,unconscious,False,Image,False,3,2,7,2
1337,01,lh-inferiorparietal,0.675,0.21957751641341997,0.6666666666666666,0.711638396831812,Mutual + Linear-SVM,unconscious,unconscious,False,Image,False,3,5,3,2
1338,01,lh-inferiorparietal,0.7,0.1,0.5,0.6790232287664962,Mutual + Linear-SVM,unconscious,unconscious,False,Image,False,3,2,2,2
1339,01,lh-inferiorparietal,0.32,-0.2182178902359924,0.25,0.7085916584212286,Mutual + Linear-SVM,unconscious,unconscious,False,Image,False,3,1,4,2
1340,01,lh-inferiorparietal,0.7142857142857143,0.37142857142857144,0.6666666666666666,0.6964356663825749,Mutual + Linear-SVM,unconscious,unconscious,False,Image,False,4,4,3,1
1341,01,lh-inferiorparietal,0.14285714285714285,-0.47809144373375745,0.18181818181818182,0.7874332871125631,Mutual + Linear-SVM,unconscious,unconscious,False,Image,False,2,1,6,3
1342,01,lh-inferiorparietal,0.5272727272727272,0.13483997249264842,0.631578947368421,0.7475239301740239,Mutual + Linear-SVM,unconscious,unconscious,False,Image,False,3,6,5,2
1343,01,lh-inferiorparietal,0.43333333333333335,-0.06900655593423542,0.4,0.7279189020371056,Mutual + Linear-SVM,unconscious,unconscious,False,Image,False,3,2,4,2
1344,01,lh-inferiorparietal,0.36,0.0,0.4444444444444445,0.7195152648015724,Mutual + Linear-SVM,unconscious,unconscious,False,Image,False,3,2,3,2
1345,01,lh-inferiorparietal,0.4375,-0.4082482904638631,0.0,0.649945822031484,Mutual + Linear-SVM,unconscious,unconscious,False,Image,False,4,0,2,4
1346,01,lh-inferiorparietal,0.21875,-0.3779644730092272,0.26666666666666666,0.7322034403687647,Mutual + Linear-SVM,unconscious,unconscious,False,Image,False,3,2,6,5
1347,01,lh-inferiorparietal,0.15384615384615383,-0.4853626716970755,0.2,0.7679358069708746,Mutual + Linear-SVM,unconscious,unconscious,False,Image,False,3,2,11,5
1348,01,lh-inferiorparietal,0.4583333333333333,-0.05555555555555555,0.47058823529411764,0.7065820146679992,Mutual + Linear-SVM,unconscious,unconscious,False,Image,False,4,4,5,4
1349,01,lh-inferiorparietal,0.0625,-0.6123724356957946,0.0,0.6822159185664017,Mutual + Linear-SVM,unconscious,unconscious,False,Image,False,2,0,2,6
1350,01,lh-inferiorparietal,0.55,0.15811388300841897,0.4444444444444445,0.6845139559162056,Mutual + Linear-SVM,unconscious,unconscious,False,Image,False,6,2,3,2
1351,01,lh-inferiorparietal,0.296875,-0.3779644730092272,0.26666666666666666,0.7157946049415764,Mutual + Linear-SVM,unconscious,unconscious,False,Image,False,3,2,6,5
1352,01,lh-inferiorparietal,0.5750000000000001,0.025,0.4000000000000001,0.6791039611408546,Mutual + Linear-SVM,unconscious,unconscious,False,Image,False,5,2,3,3
1353,01,lh-inferiorparietal,0.328125,-0.2581988897471611,0.28571428571428575,0.7151927346421683,Mutual + Linear-SVM,unconscious,unconscious,False,Image,False,4,2,6,4
1354,01,lh-inferiorparietal,0.3055555555555556,-0.2916666666666667,0.35294117647058826,0.7389053155983154,Mutual + Linear-SVM,unconscious,unconscious,False,Image,False,3,3,6,5
1355,01,lh-inferiorparietal,0.23214285714285712,-0.4642857142857143,0.26666666666666666,0.7507487003396758,Mutual + Linear-SVM,unconscious,unconscious,False,Image,False,2,2,5,6
1356,01,lh-inferiorparietal,0.14583333333333331,-0.5773502691896257,0.15384615384615383,0.7255397694971484,Mutual + Linear-SVM,unconscious,unconscious,False,Image,False,2,1,5,6
1357,01,lh-inferiorparietal,0.17045454545454547,-0.45361105256925455,0.2222222222222222,0.7556711211059695,Mutual + Linear-SVM,unconscious,unconscious,False,Image,False,3,2,9,5
1358,01,lh-inferiorparietal,0.5,0.025,0.4000000000000001,0.6826678294401193,Mutual + Linear-SVM,unconscious,unconscious,False,Image,False,5,2,3,3
1359,01,lh-inferiorparietal,0.4027777777777778,-0.1690308509457033,0.375,0.7099499806902392,Mutual + Linear-SVM,unconscious,unconscious,False,Image,False,4,3,6,4
1360,01,lh-inferiorparietal,0.08333333333333333,-0.5773502691896257,0.15384615384615383,0.7391539118583911,Mutual + Linear-SVM,unconscious,unconscious,False,Image,False,2,1,5,6
1361,01,lh-inferiorparietal,0.20833333333333334,-0.28867513459481287,0.30769230769230765,0.7342431186379651,Mutual + Linear-SVM,unconscious,unconscious,False,Image,False,3,2,4,5
1362,01,lh-inferiorparietal,0.45,-0.09607689228305229,0.48,0.7393900951830813,Mutual + Linear-SVM,unconscious,unconscious,False,Image,False,4,6,9,4
1363,01,lh-inferiorparietal,0.2875,-0.325,0.33333333333333326,0.732351233506057,Mutual + Linear-SVM,unconscious,unconscious,False,Image,False,3,3,7,5
1364,01,lh-inferiorparietal,0.3125,-0.3535533905932738,0.2,0.6994442155356922,Mutual + Linear-SVM,unconscious,unconscious,False,Image,False,3,1,3,5
1365,01,lh-inferiorparietal,0.1,-0.675,0.15384615384615385,0.723774137971502,Mutual + Linear-SVM,unconscious,unconscious,False,Image,False,1,1,4,7
1366,01,lh-inferiorparietal,0.0625,-0.7083333333333334,0.14285714285714288,0.7496320300578582,Mutual + Linear-SVM,unconscious,unconscious,False,Image,False,1,1,5,7
1367,01,lh-inferiorparietal,0.296875,-0.3779644730092272,0.26666666666666666,0.7495100126474663,Mutual + Linear-SVM,unconscious,unconscious,False,Image,False,3,2,6,5
1368,01,lh-inferiorparietal,0.18333333333333335,-0.5089233500149862,0.18181818181818182,0.7670838647824777,Mutual + Linear-SVM,unconscious,unconscious,False,Image,False,3,2,13,5
1369,01,lh-inferiorparietal,0.16666666666666666,-0.4583333333333333,0.16666666666666666,0.7037958057131172,Mutual + Linear-SVM,unconscious,unconscious,False,Image,False,3,1,5,5
1370,01,lh-inferiorparietal,0.4125,-0.1,0.4444444444444445,0.7151624981027911,Mutual + Linear-SVM,unconscious,unconscious,False,Image,False,4,4,6,4
1371,01,lh-inferiorparietal,0.359375,0.0,0.5,0.7142861651806213,Mutual + Linear-SVM,unconscious,unconscious,False,Image,False,4,4,4,4
1372,01,lh-inferiorparietal,0.41666666666666663,-0.16666666666666666,0.3333333333333333,0.6962222050421365,Mutual + Linear-SVM,unconscious,unconscious,False,Image,False,4,2,4,4
1373,01,lh-inferiorparietal,0.3125,-0.3273268353539886,0.0,0.6751025640870809,Mutual + Linear-SVM,unconscious,unconscious,False,Image,False,5,0,2,3
1374,01,lh-inferiorparietal,0.4375,0.0,0.42857142857142855,0.706207075542675,Mutual + Linear-SVM,unconscious,unconscious,False,Image,False,5,3,5,3
1375,01,lh-inferiorparietal,0.35,-0.3,0.20000000000000004,0.6936553867151747,Mutual + Linear-SVM,unconscious,unconscious,False,Image,False,4,1,4,4
1376,01,lh-inferiorparietal,0.23863636363636365,-0.5672953457626894,0.11764705882352942,0.7526301298221147,Mutual + Linear-SVM,unconscious,unconscious,False,Image,False,3,1,10,5
1377,01,lh-inferiorparietal,0.265625,-0.3779644730092272,0.26666666666666666,0.7381209583486487,Mutual + Linear-SVM,unconscious,unconscious,False,Image,False,3,2,6,5
1378,01,lh-inferiorparietal,0.175,-0.5367450401216932,0.16666666666666666,0.6897011537499489,Mutual + Linear-SVM,unconscious,unconscious,False,Image,False,2,1,4,6
1379,01,lh-inferiorparietal,0.225,-0.4147575310031266,0.1818181818181818,0.704499043992761,Mutual + Linear-SVM,unconscious,unconscious,False,Image,False,3,1,4,5
1380,01,lh-inferiorparietal,0.175,-0.4332001127219817,0.23529411764705882,0.7482858029631052,Mutual + Linear-SVM,unconscious,unconscious,False,Image,False,3,2,8,5
1381,01,lh-inferiorparietal,0.25,-0.4583333333333333,0.16666666666666666,0.7290952334130976,Mutual + Linear-SVM,unconscious,unconscious,False,Image,False,3,1,5,5
1382,01,lh-inferiorparietal,0.28125,-0.3779644730092272,0.26666666666666666,0.7203099667408392,Mutual + Linear-SVM,unconscious,unconscious,False,Image,False,3,2,6,5
1383,01,lh-inferiorparietal,0.5,0.42640143271122083,0.4,0.6788478220625697,Mutual + Linear-SVM,unconscious,unconscious,False,Image,False,8,1,3,0
1384,01,lh-inferiorparietal,0.26388888888888884,-0.408491223118783,0.25,0.7301747921439904,Mutual + Linear-SVM,unconscious,unconscious,False,Image,False,3,2,7,5
1385,01,lh-inferiorparietal,0.546875,0.0,0.5,0.6919993617141869,Mutual + Linear-SVM,unconscious,unconscious,False,Image,False,4,4,4,4
1386,01,lh-inferiorparietal,0.28125,-0.5,0.0,0.6806456091814047,Mutual + Linear-SVM,unconscious,unconscious,False,Image,False,4,0,4,4
1387,01,lh-inferiorparietal,0.25,-0.4147575310031266,0.1818181818181818,0.7016129064467516,Mutual + Linear-SVM,unconscious,unconscious,False,Image,False,3,1,4,5
1388,01,lh-inferiorparietal,0.5892857142857142,0.05455447255899809,0.4615384615384615,0.6879366584000647,Mutual + Linear-SVM,unconscious,unconscious,False,Image,False,5,3,4,3
1389,01,lh-inferiorparietal,0.12499999999999999,-0.6071428571428571,0.14285714285714285,0.7713757952425122,Mutual + Linear-SVM,unconscious,unconscious,False,Image,False,2,1,6,6
1390,01,lh-inferiorparietal,0.1590909090909091,-0.45361105256925455,0.2222222222222222,0.7399446119072595,Mutual + Linear-SVM,unconscious,unconscious,False,Image,False,3,2,9,5
1391,01,lh-inferiorparietal,0.16666666666666666,-0.5773502691896257,0.15384615384615383,0.7449571392367688,Mutual + Linear-SVM,unconscious,unconscious,False,Image,False,2,1,5,6
1392,01,lh-inferiorparietal,0.4000000000000001,-0.35,0.3076923076923077,0.6871182795994203,Mutual + Linear-SVM,unconscious,unconscious,False,Image,False,2,2,3,6
1393,01,lh-inferiorparietal,0.55,0.07559289460184544,0.28571428571428575,0.6296463652771774,Mutual + Linear-SVM,unconscious,unconscious,False,Image,False,6,1,1,4
1394,01,lh-inferiorparietal,0.375,-0.125,0.375,0.6921412730731152,Mutual + Linear-SVM,unconscious,unconscious,False,Image,False,5,3,5,5
1395,01,lh-inferiorparietal,0.36923076923076925,-0.2802242691589025,0.2857142857142857,0.7380396619553234,Mutual + Linear-SVM,unconscious,unconscious,False,Image,False,5,3,10,5
1396,01,lh-inferiorparietal,0.4666666666666667,-0.05555555555555555,0.4444444444444444,0.6944591456728574,Mutual + Linear-SVM,unconscious,unconscious,False,Image,False,5,4,5,5
1397,01,lh-inferiorparietal,0.3,-0.37796447300922725,0.0,0.6373979905022628,Mutual + Linear-SVM,unconscious,unconscious,False,Image,False,5,0,2,5
1398,01,lh-inferiorparietal,0.62,0.09449111825230681,0.4615384615384615,0.6587718204453262,Mutual + Linear-SVM,unconscious,unconscious,False,Image,False,5,3,2,5
1399,01,lh-inferiorparietal,0.475,0.1,0.5,0.6925466691264103,Mutual + Linear-SVM,unconscious,unconscious,False,Image,False,6,4,4,4
1400,01,lh-inferiorparietal,0.64,0.1,0.4000000000000001,0.6605705359840918,Mutual + Linear-SVM,unconscious,unconscious,False,Image,False,7,2,3,3
1401,01,lh-inferiorparietal,0.5625,0.1,0.5,0.6835371530351773,Mutual + Linear-SVM,unconscious,unconscious,False,Image,False,6,4,4,4
1402,01,lh-inferiorparietal,0.4555555555555555,-0.05555555555555555,0.4444444444444444,0.6971925225170733,Mutual + Linear-SVM,unconscious,unconscious,False,Image,False,5,4,5,5
1403,01,lh-inferiorparietal,0.37142857142857144,-0.07042952122737638,0.39999999999999997,0.6953028245506148,Mutual + Linear-SVM,unconscious,unconscious,False,Image,False,5,3,4,5
1404,01,lh-inferiorparietal,0.31666666666666665,-0.3578300267477955,0.26666666666666666,0.6847928229590067,Mutual + Linear-SVM,unconscious,unconscious,False,Image,False,3,2,4,7
1405,01,lh-inferiorparietal,0.4090909090909091,-0.13762047064079508,0.39999999999999997,0.7131209829437234,Mutual + Linear-SVM,unconscious,unconscious,False,Image,False,5,4,7,5
1406,01,lh-inferiorparietal,0.64,0.28867513459481287,0.5454545454545454,0.660268120650987,Mutual + Linear-SVM,unconscious,unconscious,False,Image,False,7,3,2,3
1407,01,lh-inferiorparietal,0.5333333333333333,0.15555555555555556,0.5555555555555556,0.6898328773052803,Mutual + Linear-SVM,unconscious,unconscious,False,Image,False,6,5,4,4
1408,01,lh-inferiorparietal,0.3333333333333333,-0.16265001215808886,0.30769230769230765,0.6843810812747755,Mutual + Linear-SVM,unconscious,unconscious,False,Image,False,5,2,4,5
1409,01,lh-inferiorparietal,0.4333333333333333,0.0,0.42857142857142855,0.6820146562104623,Mutual + Linear-SVM,unconscious,unconscious,False,Image,False,5,3,3,5
1410,01,lh-inferiorparietal,0.5266666666666666,0.19611613513818404,0.6428571428571429,0.7212794821874554,Mutual + Linear-SVM,unconscious,unconscious,False,Image,False,6,9,6,4
1411,01,lh-inferiorparietal,0.52,0.10050378152592121,0.5263157894736842,0.6972759218004978,Mutual + Linear-SVM,unconscious,unconscious,False,Image,False,6,5,5,4
1412,01,lh-inferiorparietal,0.425,-0.22821773229381923,0.2,0.6588463129295276,Mutual + Linear-SVM,unconscious,unconscious,False,Image,False,5,1,3,5
1413,01,lh-inferiorparietal,0.15999999999999998,-0.472455591261534,0.15384615384615385,0.6918187559026222,Mutual + Linear-SVM,unconscious,unconscious,False,Image,False,3,1,4,7
1414,01,lh-inferiorparietal,0.35,-0.2581988897471611,0.28571428571428575,0.6796037206231076,Mutual + Linear-SVM,unconscious,unconscious,False,Image,False,4,2,4,6
1415,01,lh-inferiorparietal,0.5,0.1,0.5,0.6941038741641566,Mutual + Linear-SVM,unconscious,unconscious,False,Image,False,6,4,4,4
1416,01,lh-inferiorparietal,0.48,0.0657951694959769,0.5384615384615385,0.728312524334992,Mutual + Linear-SVM,unconscious,unconscious,False,Image,False,6,7,8,4
1417,01,lh-inferiorparietal,0.39999999999999997,-0.06666666666666667,0.3333333333333333,0.6784789849463377,Mutual + Linear-SVM,unconscious,unconscious,False,Image,False,6,2,4,4
1418,01,lh-inferiorparietal,0.5599999999999999,0.2041241452319315,0.5555555555555556,0.6950487327371573,Mutual + Linear-SVM,unconscious,unconscious,False,Image,False,7,5,5,3
1419,01,lh-inferiorparietal,0.45,-0.125,0.375,0.6930020790791684,Mutual + Linear-SVM,unconscious,unconscious,False,Image,False,5,3,5,5
1420,01,lh-inferiorparietal,0.6,0.2581988897471611,0.5714285714285715,0.6712171904872098,Mutual + Linear-SVM,unconscious,unconscious,False,Image,False,6,4,2,4
1421,01,lh-inferiorparietal,0.6,0.0,0.25,0.6277969067991657,Mutual + Linear-SVM,unconscious,unconscious,False,Image,False,5,1,1,5
1422,01,lh-inferiorparietal,0.5875,0.0,0.47058823529411764,0.6823129891789372,Mutual + Linear-SVM,unconscious,unconscious,False,Image,False,5,4,4,5
1423,01,lh-inferiorparietal,0.66,0.18898223650461363,0.5,0.6590264170136033,Mutual + Linear-SVM,unconscious,unconscious,False,Image,False,6,3,2,4
1424,01,lh-inferiorparietal,0.36363636363636365,-0.33636363636363636,0.36363636363636365,0.7187237569863368,Mutual + Linear-SVM,unconscious,unconscious,False,Image,False,3,4,7,7
1425,01,lh-inferiorparietal,0.36250000000000004,-0.22360679774997896,0.35294117647058826,0.712908505442033,Mutual + Linear-SVM,unconscious,unconscious,False,Image,False,4,3,5,6
1426,01,lh-inferiorparietal,0.5,-0.42640143271122083,0.0,0.6642164566884202,Mutual + Linear-SVM,unconscious,unconscious,False,Image,False,6,0,5,4
1427,01,lh-inferiorparietal,0.44,-0.09449111825230681,0.3333333333333333,0.6632084392807401,Mutual + Linear-SVM,unconscious,unconscious,False,Image,False,5,2,3,5
1428,01,lh-inferiorparietal,0.4,-0.10050378152592121,0.4210526315789474,0.710298904242491,Mutual + Linear-SVM,unconscious,unconscious,False,Image,False,5,4,6,5
1429,01,lh-inferiorparietal,0.49999999999999994,0.09759000729485331,0.4615384615384615,0.6774423917981629,Mutual + Linear-SVM,unconscious,unconscious,False,Image,False,6,3,3,4
1430,01,lh-inferiorparietal,0.425,-0.2548235957188128,0.26666666666666666,0.6889106739354706,Mutual + Linear-SVM,unconscious,unconscious,False,Image,False,5,2,6,5
1431,01,lh-inferiorparietal,0.575,-0.18856180831641267,0.30769230769230765,0.6500094892254883,Mutual + Linear-SVM,unconscious,unconscious,False,Image,False,3,2,2,7
1432,01,lh-inferiorparietal,0.4111111111111111,-0.05555555555555555,0.4444444444444444,0.7045179034227869,Mutual + Linear-SVM,unconscious,unconscious,False,Image,False,5,4,5,5
1433,01,lh-inferiorparietal,0.625,0.20385887657505022,0.5333333333333333,0.6730528306149425,Mutual + Linear-SVM,unconscious,unconscious,False,Image,False,7,4,4,3
1434,01,lh-inferiorparietal,0.55,0.09128709291752768,0.4,0.649931844055937,Mutual + Linear-SVM,unconscious,unconscious,False,Image,False,6,2,2,4
1435,01,lh-inferiorparietal,0.45999999999999996,-0.09449111825230681,0.3333333333333333,0.6668804375472919,Mutual + Linear-SVM,unconscious,unconscious,False,Image,False,5,2,3,5
1436,01,lh-inferiorparietal,0.6142857142857143,0.1690308509457033,0.5333333333333333,0.6662996529642023,Mutual + Linear-SVM,unconscious,unconscious,False,Image,False,6,4,3,4
1437,01,lh-inferiorparietal,0.27142857142857146,-0.45714285714285713,0.14285714285714285,0.698861839677776,Mutual + Linear-SVM,unconscious,unconscious,False,Image,False,4,1,6,6
1438,01,lh-inferiorparietal,0.4636363636363636,-0.03739787960033829,0.4210526315789474,0.7098838634113219,Mutual + Linear-SVM,unconscious,unconscious,False,Image,False,6,4,7,4
1439,01,lh-inferiorparietal,0.36666666666666664,-0.16265001215808886,0.30769230769230765,0.6928002374120642,Mutual + Linear-SVM,unconscious,unconscious,False,Image,False,5,2,4,5
1440,01,lh-inferiorparietal,0.36000000000000004,-0.18898223650461363,0.3076923076923077,0.669614177784384,Mutual + Linear-SVM,unconscious,unconscious,False,Image,False,4,2,3,6
1441,01,lh-inferiorparietal,0.7307692307692308,0.1386750490563073,0.28571428571428575,0.6249276924866574,Mutual + Linear-SVM,unconscious,unconscious,False,Image,False,9,1,1,4
1442,01,lh-inferiorparietal,0.40384615384615385,-0.08492077756084468,0.35294117647058826,0.697417395459631,Mutual + Linear-SVM,unconscious,unconscious,False,Image,False,7,3,5,6
1443,01,lh-inferiorparietal,0.4497041420118343,0.0778498944161523,0.4999999999999999,0.7076666513440522,Mutual + Linear-SVM,unconscious,unconscious,False,Image,False,8,6,7,5
1444,01,lh-inferiorparietal,0.5299145299145299,-0.016878989451394443,0.4210526315789474,0.6787188122021093,Mutual + Linear-SVM,unconscious,unconscious,False,Image,False,7,4,5,6
1445,01,lh-inferiorparietal,0.34615384615384615,-0.2773500981126146,0.0,0.6269063572858095,Mutual + Linear-SVM,unconscious,unconscious,False,Image,False,8,0,2,5
1446,01,lh-inferiorparietal,0.7230769230769231,0.26856632724128343,0.5,0.6402776564976665,Mutual + Linear-SVM,unconscious,unconscious,False,Image,False,9,3,2,4
1447,01,lh-inferiorparietal,0.3846153846153846,-0.2337367475021143,0.3157894736842105,0.6787649862708274,Mutual + Linear-SVM,unconscious,unconscious,False,Image,False,5,3,5,8
1448,01,lh-inferiorparietal,0.676923076923077,0.35082320772281167,0.5454545454545454,0.6428185401732258,Mutual + Linear-SVM,unconscious,unconscious,False,Image,False,10,3,2,3
1449,01,lh-inferiorparietal,0.6538461538461539,0.11322770341445958,0.47058823529411764,0.6656702289152157,Mutual + Linear-SVM,unconscious,unconscious,False,Image,False,8,4,4,5
1450,01,lh-inferiorparietal,0.5470085470085471,-0.016878989451394443,0.4210526315789474,0.6755913783103439,Mutual + Linear-SVM,unconscious,unconscious,False,Image,False,7,4,5,6
1451,01,lh-inferiorparietal,0.4285714285714285,-0.24232015747572203,0.25,0.6765848710734791,Mutual + Linear-SVM,unconscious,unconscious,False,Image,False,6,2,5,7
1452,01,lh-inferiorparietal,0.2948717948717948,-0.3379631847096873,0.23529411764705885,0.685497822679582,Mutual + Linear-SVM,unconscious,unconscious,False,Image,False,4,2,4,9
1453,01,lh-inferiorparietal,0.4755244755244755,-0.006993006993006993,0.45454545454545453,0.6934162863628774,Mutual + Linear-SVM,unconscious,unconscious,False,Image,False,7,5,6,6
1454,01,lh-inferiorparietal,0.676923076923077,0.4461538461538462,0.6,0.642812965274834,Mutual + Linear-SVM,unconscious,unconscious,False,Image,False,11,3,2,2
1455,01,lh-inferiorparietal,0.5384615384615384,-0.016878989451394443,0.4210526315789474,0.6705332137808623,Mutual + Linear-SVM,unconscious,unconscious,False,Image,False,7,4,5,6
1456,01,lh-inferiorparietal,0.25641025641025644,-0.4893451639269458,0.125,0.681560629089741,Mutual + Linear-SVM,unconscious,unconscious,False,Image,False,4,1,5,9
1457,01,lh-inferiorparietal,0.4871794871794871,0.1086310236566852,0.42857142857142855,0.6607296146927829,Mutual + Linear-SVM,unconscious,unconscious,False,Image,False,8,3,3,5
1458,01,lh-inferiorparietal,0.6461538461538462,0.35805743701971643,0.689655172413793,0.7010510635607476,Mutual + Linear-SVM,unconscious,unconscious,False,Image,False,9,10,5,4
1459,01,lh-inferiorparietal,0.6230769230769231,0.11538461538461539,0.5,0.6734167580780955,Mutual + Linear-SVM,unconscious,unconscious,False,Image,False,8,5,5,5
1460,01,lh-inferiorparietal,0.36538461538461536,-0.24514516892273003,0.16666666666666666,0.6497486503312189,Mutual + Linear-SVM,unconscious,unconscious,False,Image,False,6,1,3,7
1461,01,lh-inferiorparietal,0.2615384615384615,-0.3721042037676254,0.14285714285714285,0.6640177778867942,Mutual + Linear-SVM,unconscious,unconscious,False,Image,False,5,1,4,8
1462,01,lh-inferiorparietal,0.4487179487179487,-0.1207011373963169,0.28571428571428575,0.6637722955592975,Mutual + Linear-SVM,unconscious,unconscious,False,Image,False,7,2,4,6
1463,01,lh-inferiorparietal,0.49038461538461536,0.11322770341445958,0.47058823529411764,0.6944392048066406,Mutual + Linear-SVM,unconscious,unconscious,False,Image,False,8,4,4,5
1464,01,lh-inferiorparietal,0.3794871794871794,-0.2923076923076923,0.4000000000000001,0.7192947241839687,Mutual + Linear-SVM,unconscious,unconscious,False,Image,False,4,6,9,9
1465,01,lh-inferiorparietal,0.5,-0.049416621110740085,0.30769230769230765,0.6584648011101019,Mutual + Linear-SVM,unconscious,unconscious,False,Image,False,8,2,4,5
1466,01,lh-inferiorparietal,0.6384615384615384,0.11538461538461539,0.5,0.6786021075646866,Mutual + Linear-SVM,unconscious,unconscious,False,Image,False,8,5,5,5
1467,01,lh-inferiorparietal,0.5,0.11322770341445958,0.47058823529411764,0.6863512527493684,Mutual + Linear-SVM,unconscious,unconscious,False,Image,False,8,4,4,5
1468,01,lh-inferiorparietal,0.5769230769230769,0.1086310236566852,0.42857142857142855,0.66010791848651,Mutual + Linear-SVM,unconscious,unconscious,False,Image,False,8,3,3,5
1469,01,lh-inferiorparietal,0.4615384615384615,-0.15384615384615385,0.0,0.6207514507871839,Mutual + Linear-SVM,unconscious,unconscious,False,Image,False,11,0,2,2
1470,01,lh-inferiorparietal,0.6538461538461539,0.19230769230769232,0.5,0.6657948082711639,Mutual + Linear-SVM,unconscious,unconscious,False,Image,False,9,4,4,4
1471,01,lh-inferiorparietal,0.6,0.26519741765271837,0.4444444444444445,0.6439250505740974,Mutual + Linear-SVM,unconscious,unconscious,False,Image,False,11,2,3,2
1472,01,lh-inferiorparietal,0.43356643356643354,-0.17482517482517482,0.36363636363636365,0.7038306399203189,Mutual + Linear-SVM,unconscious,unconscious,False,Image,False,6,4,7,7
1473,01,lh-inferiorparietal,0.4326923076923077,-0.2337367475021143,0.3157894736842105,0.6985292306977838,Mutual + Linear-SVM,unconscious,unconscious,False,Image,False,5,3,5,8
1474,01,lh-inferiorparietal,0.47692307692307695,-0.24029618753167464,0.16666666666666666,0.6559089573161961,Mutual + Linear-SVM,unconscious,unconscious,False,Image,False,7,1,4,6
1475,01,lh-inferiorparietal,0.46153846153846156,-0.1941450686788302,0.26666666666666666,0.6514855435158657,Mutual + Linear-SVM,unconscious,unconscious,False,Image,False,5,2,3,8
1476,01,lh-inferiorparietal,0.5230769230769231,0.11538461538461539,0.5,0.6846259428155714,Mutual + Linear-SVM,unconscious,unconscious,False,Image,False,8,5,5,5
1477,01,lh-inferiorparietal,0.3846153846153846,-0.19096396641051544,0.26666666666666666,0.6681202705866608,Mutual + Linear-SVM,unconscious,unconscious,False,Image,False,6,2,4,7
1478,01,lh-inferiorparietal,0.4519230769230769,-0.08492077756084468,0.35294117647058826,0.6751421096798781,Mutual + Linear-SVM,unconscious,unconscious,False,Image,False,7,3,5,6
1479,01,lh-inferiorparietal,0.6153846153846154,0.03268602252303067,0.3333333333333333,0.6360362463793694,Mutual + Linear-SVM,unconscious,unconscious,False,Image,False,7,2,2,6
1480,01,lh-inferiorparietal,0.3846153846153846,-0.3544587784792833,0.28571428571428575,0.6866957186758996,Mutual + Linear-SVM,unconscious,unconscious,False,Image,False,4,3,6,9
1481,01,lh-inferiorparietal,0.6634615384615385,0.31137618438976383,0.5882352941176471,0.6599207330367538,Mutual + Linear-SVM,unconscious,unconscious,False,Image,False,9,5,3,4
1482,01,lh-inferiorparietal,0.6346153846153846,0.1706971854997297,0.4,0.6406409462467866,Mutual + Linear-SVM,unconscious,unconscious,False,Image,False,9,2,2,4
1483,01,lh-inferiorparietal,0.46153846153846156,-0.05547001962252291,0.3076923076923077,0.6552373969012945,Mutual + Linear-SVM,unconscious,unconscious,False,Image,False,7,2,3,6
1484,01,lh-inferiorparietal,0.6703296703296703,0.25677629550654774,0.5333333333333333,0.6577924666834073,Mutual + Linear-SVM,unconscious,unconscious,False,Image,False,9,4,3,4
1485,01,lh-inferiorparietal,0.2857142857142857,-0.24232015747572203,0.25,0.711298288849991,Mutual + Linear-SVM,unconscious,unconscious,False,Image,False,6,2,5,7
1486,01,lh-inferiorparietal,0.48951048951048953,-0.08362420100070908,0.43478260869565216,0.6909685916395295,Mutual + Linear-SVM,unconscious,unconscious,False,Image,False,6,5,6,7
1487,01,lh-inferiorparietal,0.34615384615384615,-0.4200412794412907,0.2222222222222222,0.672449176988845,Mutual + Linear-SVM,unconscious,unconscious,False,Image,False,3,2,4,10
1488,01,lh-inferiorparietal,0.4,-0.35082320772281167,0.23529411764705882,0.6613502022905569,Mutual + Linear-SVM,unconscious,unconscious,False,Image,False,3,2,3,10
1489,01,lh-inferiorparietal,0.5714285714285714,0.05976143046671968,0.3333333333333333,0.6466819224522955,Mutual + Linear-SVM,unconscious,unconscious,False,Image,False,4,1,1,3
1490,01,lh-inferiorparietal,0.2142857142857143,-0.32732683535398854,0.28571428571428575,0.7194703588289748,Mutual + Linear-SVM,unconscious,unconscious,False,Image,False,3,2,6,4
1491,01,lh-inferiorparietal,0.34065934065934067,-0.17910620335162064,0.4545454545454546,0.7554621241080279,Mutual + Linear-SVM,unconscious,unconscious,False,Image,False,3,5,8,4
1492,01,lh-inferiorparietal,0.2698412698412698,-0.3578300267477955,0.26666666666666666,0.7210021226742931,Mutual + Linear-SVM,unconscious,unconscious,False,Image,False,3,2,7,4
1493,01,lh-inferiorparietal,0.2142857142857143,-0.47809144373375745,0.0,0.6513624414198911,Mutual + Linear-SVM,unconscious,unconscious,False,Image,False,3,0,2,4
1494,01,lh-inferiorparietal,0.5142857142857143,0.11952286093343936,0.4444444444444445,0.682776768271502,Mutual + Linear-SVM,unconscious,unconscious,False,Image,False,5,2,3,2
1495,01,lh-inferiorparietal,0.25,-0.4642857142857143,0.26666666666666666,0.7237665281462228,Mutual + Linear-SVM,unconscious,unconscious,False,Image,False,2,2,6,5
1496,01,lh-inferiorparietal,0.37142857142857144,-0.02857142857142857,0.4000000000000001,0.6871262330828407,Mutual + Linear-SVM,unconscious,unconscious,False,Image,False,4,2,3,3
1497,01,lh-inferiorparietal,0.35714285714285715,-0.05455447255899809,0.42857142857142855,0.7126011075059401,Mutual + Linear-SVM,unconscious,unconscious,False,Image,False,4,3,5,3
1498,01,lh-inferiorparietal,0.33333333333333337,-0.23809523809523808,0.375,0.7245030185623756,Mutual + Linear-SVM,unconscious,unconscious,False,Image,False,3,3,6,4
1499,01,lh-inferiorparietal,0.326530612244898,-0.28867513459481287,0.30769230769230765,0.7094113722375198,Mutual + Linear-SVM,unconscious,unconscious,False,Image,False,3,2,5,4
1500,01,lh-inferiorparietal,0.2857142857142857,-0.4147575310031266,0.1818181818181818,0.7069471546512135,Mutual + Linear-SVM,unconscious,unconscious,False,Image,False,3,1,5,4
1501,01,lh-inferiorparietal,0.27272727272727276,-0.2987012987012987,0.33333333333333326,0.7328184234875734,Mutual + Linear-SVM,unconscious,unconscious,False,Image,False,3,3,8,4
1502,01,lh-inferiorparietal,0.5428571428571429,0.11952286093343936,0.4444444444444445,0.6817385771103512,Mutual + Linear-SVM,unconscious,unconscious,False,Image,False,5,2,3,2
1503,01,lh-inferiorparietal,0.380952380952381,-0.22084711628963774,0.2857142857142857,0.718190832041582,Mutual + Linear-SVM,unconscious,unconscious,False,Image,False,4,2,7,3
1504,01,lh-inferiorparietal,0.2619047619047619,-0.4147575310031266,0.1818181818181818,0.7107465736899653,Mutual + Linear-SVM,unconscious,unconscious,False,Image,False,3,1,5,4
1505,01,lh-inferiorparietal,0.1904761904761905,-0.38095238095238093,0.30769230769230765,0.7055753362885091,Mutual + Linear-SVM,unconscious,unconscious,False,Image,False,2,2,4,5
1506,01,lh-inferiorparietal,0.3142857142857143,-0.09221388919541469,0.43478260869565216,0.7569345011026146,Mutual + Linear-SVM,unconscious,unconscious,False,Image,False,4,5,10,3
1507,01,lh-inferiorparietal,0.34285714285714286,-0.2714285714285714,0.3529411764705882,0.7299166198434024,Mutual + Linear-SVM,unconscious,unconscious,False,Image,False,3,3,7,4
1508,01,lh-inferiorparietal,0.32142857142857145,-0.3105295017040594,0.22222222222222224,0.6745416001309942,Mutual + Linear-SVM,unconscious,unconscious,False,Image,False,3,1,3,4
1509,01,lh-inferiorparietal,0.2,-0.50709255283711,0.1818181818181818,0.7009598482788452,Mutual + Linear-SVM,unconscious,unconscious,False,Image,False,2,1,4,5
1510,01,lh-inferiorparietal,0.33333333333333337,-0.23809523809523808,0.3333333333333333,0.7044583393042855,Mutual + Linear-SVM,unconscious,unconscious,False,Image,False,3,2,4,4
1511,01,lh-inferiorparietal,0.3392857142857143,-0.19642857142857142,0.39999999999999997,0.7238833340780714,Mutual + Linear-SVM,unconscious,unconscious,False,Image,False,3,3,5,4
1512,01,lh-inferiorparietal,0.4380952380952381,-0.02706659809803834,0.5,0.7501737041402433,Mutual + Linear-SVM,unconscious,unconscious,False,Image,False,4,6,9,3
1513,01,lh-inferiorparietal,0.14285714285714288,-0.5476190476190477,0.16666666666666666,0.7044106465642835,Mutual + Linear-SVM,unconscious,unconscious,False,Image,False,2,1,5,5
1514,01,lh-inferiorparietal,0.34285714285714286,-0.2714285714285714,0.3529411764705882,0.7271364588451494,Mutual + Linear-SVM,unconscious,unconscious,False,Image,False,3,3,7,4
1515,01,lh-inferiorparietal,0.16071428571428573,-0.32732683535398854,0.28571428571428575,0.7202803609414005,Mutual + Linear-SVM,unconscious,unconscious,False,Image,False,3,2,6,4
1516,01,lh-inferiorparietal,0.4761904761904763,0.07142857142857142,0.5,0.6931462698942552,Mutual + Linear-SVM,unconscious,unconscious,False,Image,False,4,3,3,3
1517,01,lh-inferiorparietal,0.4285714285714286,-0.2857142857142857,0.0,0.6495865470996627,Mutual + Linear-SVM,unconscious,unconscious,False,Image,False,5,0,2,2
1518,01,lh-inferiorparietal,0.5,0.07142857142857142,0.5333333333333333,0.7072042150819855,Mutual + Linear-SVM,unconscious,unconscious,False,Image,False,4,4,4,3
1519,01,lh-inferiorparietal,0.45714285714285713,0.11952286093343936,0.4444444444444445,0.6877875383846169,Mutual + Linear-SVM,unconscious,unconscious,False,Image,False,5,2,3,2
1520,01,lh-inferiorparietal,0.3246753246753247,-0.20385887657505022,0.4210526315789474,0.7419377582220927,Mutual + Linear-SVM,unconscious,unconscious,False,Image,False,3,4,7,4
1521,01,lh-inferiorparietal,0.3392857142857143,-0.32732683535398854,0.28571428571428575,0.7267215060434636,Mutual + Linear-SVM,unconscious,unconscious,False,Image,False,3,2,6,4
1522,01,lh-inferiorparietal,0.17142857142857146,-0.50709255283711,0.1818181818181818,0.6872983827127039,Mutual + Linear-SVM,unconscious,unconscious,False,Image,False,2,1,4,5
1523,01,lh-inferiorparietal,0.34285714285714286,-0.37142857142857144,0.20000000000000004,0.6864166872695289,Mutual + Linear-SVM,unconscious,unconscious,False,Image,False,3,1,4,4
1524,01,lh-inferiorparietal,0.34285714285714286,-0.2714285714285714,0.3529411764705882,0.7295885100193407,Mutual + Linear-SVM,unconscious,unconscious,False,Image,False,3,3,7,4
1525,01,lh-inferiorparietal,0.23809523809523814,-0.5476190476190477,0.16666666666666666,0.702621682154684,Mutual + Linear-SVM,unconscious,unconscious,False,Image,False,2,1,5,5
1526,01,lh-inferiorparietal,0.48214285714285715,0.19642857142857142,0.625,0.7129037013615486,Mutual + Linear-SVM,unconscious,unconscious,False,Image,False,4,5,3,3
1527,01,lh-inferiorparietal,0.4642857142857143,-0.17857142857142858,0.25,0.6720051426836785,Mutual + Linear-SVM,unconscious,unconscious,False,Image,False,4,1,3,3
1528,01,lh-inferiorparietal,0.23809523809523808,-0.6546536707079771,0.0,0.733602297810936,Mutual + Linear-SVM,unconscious,unconscious,False,Image,False,3,0,9,4
1529,01,lh-inferiorparietal,0.4821428571428571,0.19642857142857142,0.625,0.7079681354656979,Mutual + Linear-SVM,unconscious,unconscious,False,Image,False,4,5,3,3
1530,01,lh-inferiorparietal,0.4285714285714286,-0.3105295017040594,0.22222222222222224,0.6766566778978022,Mutual + Linear-SVM,unconscious,unconscious,False,Image,False,3,1,3,4
1531,01,lh-inferiorparietal,0.02857142857142858,-0.8451542547285166,0.0,0.6959721611355442,Mutual + Linear-SVM,unconscious,unconscious,False,Image,False,1,0,5,6
1532,01,lh-inferiorparietal,0.5306122448979591,0.0,0.4615384615384615,0.6936043101888693,Mutual + Linear-SVM,unconscious,unconscious,False,Image,False,4,3,4,3
1533,01,lh-inferiorparietal,0.22448979591836732,-0.4472135954999579,0.16666666666666666,0.7443294314053247,Mutual + Linear-SVM,unconscious,unconscious,False,Image,False,3,1,6,4
1534,01,lh-inferiorparietal,0.19480519480519481,-0.2987012987012987,0.33333333333333326,0.7329886366074899,Mutual + Linear-SVM,unconscious,unconscious,False,Image,False,3,3,8,4
1535,01,lh-inferiorparietal,0.3333333333333333,-0.23809523809523808,0.3333333333333333,0.7068007846782873,Mutual + Linear-SVM,unconscious,unconscious,False,Image,False,3,2,4,4
1536,01,lh-inferiorparietal,0.2,-0.5976143046671968,0.0,0.6913826501002936,Mutual + Linear-SVM,unconscious,unconscious,False,Image,False,3,0,5,4
1537,01,lh-inferiorparietal,1.0,0.674199862463242,0.6666666666666666,0.6135236171317223,Mutual + Linear-SVM,unconscious,unconscious,False,Image,False,10,1,1,0
1538,01,lh-inferiorparietal,0.5625,0.1,0.5,0.6861444803002447,Mutual + Linear-SVM,unconscious,unconscious,False,Image,False,6,4,4,4
1539,01,lh-inferiorparietal,0.5692307692307692,0.13740858372430334,0.5833333333333334,0.7166887335887258,Mutual + Linear-SVM,unconscious,unconscious,False,Image,False,6,7,6,4
1540,01,lh-inferiorparietal,0.6222222222222222,0.2584432806109095,0.5882352941176471,0.6859121309640386,Mutual + Linear-SVM,unconscious,unconscious,False,Image,False,7,5,4,3
1541,01,lh-inferiorparietal,0.2,-0.5291502622129182,0.0,0.6325304470591709,Mutual + Linear-SVM,unconscious,unconscious,False,Image,False,3,0,2,7
1542,01,lh-inferiorparietal,0.74,0.28867513459481287,0.5454545454545454,0.651797583903551,Mutual + Linear-SVM,unconscious,unconscious,False,Image,False,7,3,2,3
1543,01,lh-inferiorparietal,0.5,-0.025482359571881278,0.39999999999999997,0.6835980539815065,Mutual + Linear-SVM,unconscious,unconscious,False,Image,False,6,3,5,4
1544,01,lh-inferiorparietal,0.4,-0.18898223650461363,0.3076923076923077,0.6634004341262714,Mutual + Linear-SVM,unconscious,unconscious,False,Image,False,4,2,3,6
1545,01,lh-inferiorparietal,0.625,0.0,0.47058823529411764,0.6746239257041737,Mutual + Linear-SVM,unconscious,unconscious,False,Image,False,5,4,4,5
1546,01,lh-inferiorparietal,0.6,0.15555555555555556,0.5555555555555556,0.6870337407959554,Mutual + Linear-SVM,unconscious,unconscious,False,Image,False,6,5,4,4
1547,01,lh-inferiorparietal,0.44285714285714284,-0.07042952122737638,0.39999999999999997,0.6880893529197613,Mutual + Linear-SVM,unconscious,unconscious,False,Image,False,5,3,4,5
1548,01,lh-inferiorparietal,0.31666666666666665,-0.2581988897471611,0.28571428571428575,0.6820468094426537,Mutual + Linear-SVM,unconscious,unconscious,False,Image,False,4,2,4,6
1549,01,lh-inferiorparietal,0.3545454545454545,-0.3302891295379082,0.3,0.7154816983675693,Mutual + Linear-SVM,unconscious,unconscious,False,Image,False,4,3,8,6
1550,01,lh-inferiorparietal,0.54,0.0,0.3636363636363636,0.6616721676849846,Mutual + Linear-SVM,unconscious,unconscious,False,Image,False,6,2,3,4
1551,01,lh-inferiorparietal,0.5666666666666667,0.14951420452417674,0.5,0.6882741706886147,Mutual + Linear-SVM,unconscious,unconscious,False,Image,False,7,4,5,3
1552,01,lh-inferiorparietal,0.41666666666666663,-0.16265001215808886,0.30769230769230765,0.6722211566040259,Mutual + Linear-SVM,unconscious,unconscious,False,Image,False,5,2,4,5
1553,01,lh-inferiorparietal,0.44999999999999996,0.0,0.42857142857142855,0.67090778993106,Mutual + Linear-SVM,unconscious,unconscious,False,Image,False,5,3,3,5
1554,01,lh-inferiorparietal,0.66,0.29417420270727607,0.6666666666666665,0.7221735722519671,Mutual + Linear-SVM,unconscious,unconscious,False,Image,False,7,9,6,3
1555,01,lh-inferiorparietal,0.62,0.10050378152592121,0.5263157894736842,0.6881790438263204,Mutual + Linear-SVM,unconscious,unconscious,False,Image,False,6,5,5,4
1556,01,lh-inferiorparietal,0.44999999999999996,-0.31622776601683794,0.18181818181818182,0.6511330472028145,Mutual + Linear-SVM,unconscious,unconscious,False,Image,False,4,1,3,6
1557,01,lh-inferiorparietal,0.3,-0.37796447300922725,0.16666666666666666,0.6677908353608367,Mutual + Linear-SVM,unconscious,unconscious,False,Image,False,4,1,4,6
1558,01,lh-inferiorparietal,0.4666666666666667,-0.16265001215808886,0.30769230769230765,0.6751289042268421,Mutual + Linear-SVM,unconscious,unconscious,False,Image,False,5,2,4,5
1559,01,lh-inferiorparietal,0.5125000000000001,0.1,0.5,0.7038247968447051,Mutual + Linear-SVM,unconscious,unconscious,False,Image,False,6,4,4,4
1560,01,lh-inferiorparietal,0.32,-0.2631806779839076,0.3846153846153846,0.7368344409084681,Mutual + Linear-SVM,unconscious,unconscious,False,Image,False,4,5,10,6
1561,01,lh-inferiorparietal,0.5333333333333332,0.09759000729485331,0.4615384615384615,0.6708409785154047,Mutual + Linear-SVM,unconscious,unconscious,False,Image,False,6,3,3,4
1562,01,lh-inferiorparietal,0.69,0.10050378152592121,0.5263157894736842,0.6834918037621664,Mutual + Linear-SVM,unconscious,unconscious,False,Image,False,6,5,5,4
1563,01,lh-inferiorparietal,0.5625,0.1,0.5,0.6846164089979973,Mutual + Linear-SVM,unconscious,unconscious,False,Image,False,6,4,4,4
1564,01,lh-inferiorparietal,0.7,0.3578300267477955,0.6153846153846153,0.6654474302388509,Mutual + Linear-SVM,unconscious,unconscious,False,Image,False,7,4,2,3
1565,01,lh-inferiorparietal,0.75,0.07559289460184544,0.28571428571428575,0.6119834649964532,Mutual + Linear-SVM,unconscious,unconscious,False,Image,False,6,1,1,4
1566,01,lh-inferiorparietal,0.7125,0.4332001127219817,0.6666666666666666,0.6681206708686606,Mutual + Linear-SVM,unconscious,unconscious,False,Image,False,8,5,3,2
1567,01,lh-inferiorparietal,0.62,0.0,0.3636363636363636,0.6583843265315286,Mutual + Linear-SVM,unconscious,unconscious,False,Image,False,6,2,3,4
1568,01,lh-inferiorparietal,0.4909090909090909,-0.045454545454545456,0.47619047619047616,0.7162564387504591,Mutual + Linear-SVM,unconscious,unconscious,False,Image,False,5,5,6,5
1569,01,lh-inferiorparietal,0.375,-0.2548235957188128,0.26666666666666666,0.7036486013639458,Mutual + Linear-SVM,unconscious,unconscious,False,Image,False,5,2,6,5
1570,01,lh-inferiorparietal,0.78,0.4,0.6,0.6567333838826854,Mutual + Linear-SVM,unconscious,unconscious,False,Image,False,8,3,2,2
1571,01,lh-inferiorparietal,0.32,-0.472455591261534,0.15384615384615385,0.6683237159270353,Mutual + Linear-SVM,unconscious,unconscious,False,Image,False,3,1,4,7
1572,01,lh-inferiorparietal,0.5499999999999999,0.0,0.5,0.7031395015296228,Mutual + Linear-SVM,unconscious,unconscious,False,Image,False,5,5,5,5
1573,01,lh-inferiorparietal,0.4666666666666666,-0.06666666666666667,0.3333333333333333,0.678252031170008,Mutual + Linear-SVM,unconscious,unconscious,False,Image,False,6,2,4,4
1574,01,lh-inferiorparietal,0.55,-0.025482359571881278,0.39999999999999997,0.6812323637570409,Mutual + Linear-SVM,unconscious,unconscious,False,Image,False,6,3,5,4
1575,01,lh-inferiorparietal,0.575,-0.18856180831641267,0.30769230769230765,0.6403035246020188,Mutual + Linear-SVM,unconscious,unconscious,False,Image,False,3,2,2,7
1576,01,lh-inferiorparietal,0.5111111111111111,-0.05555555555555555,0.4444444444444444,0.6902873926868399,Mutual + Linear-SVM,unconscious,unconscious,False,Image,False,5,4,5,5
1577,01,lh-inferiorparietal,0.775,0.325,0.625,0.6650257754430666,Mutual + Linear-SVM,unconscious,unconscious,False,Image,False,7,5,3,3
1578,01,lh-inferiorparietal,0.575,0.0,0.36363636363636365,0.6498293471284828,Mutual + Linear-SVM,unconscious,unconscious,False,Image,False,5,2,2,5
1579,01,lh-inferiorparietal,0.45999999999999996,-0.09449111825230681,0.3333333333333333,0.6618275291640706,Mutual + Linear-SVM,unconscious,unconscious,False,Image,False,5,2,3,5
1580,01,lh-inferiorparietal,0.6571428571428571,0.02857142857142857,0.42857142857142855,0.6653393738620909,Mutual + Linear-SVM,unconscious,unconscious,False,Image,False,6,3,4,4
1581,01,lh-inferiorparietal,0.30000000000000004,-0.3098898934004561,0.26666666666666666,0.7001856087066414,Mutual + Linear-SVM,unconscious,unconscious,False,Image,False,4,2,5,6
1582,01,lh-inferiorparietal,0.3545454545454545,-0.3302891295379082,0.3,0.7132291835326166,Mutual + Linear-SVM,unconscious,unconscious,False,Image,False,4,3,8,6
1583,01,lh-inferiorparietal,0.4666666666666666,0.034815531191139566,0.3636363636363636,0.6870439081169111,Mutual + Linear-SVM,unconscious,unconscious,False,Image,False,7,2,4,3
1584,01,lh-inferiorparietal,0.62,0.0,0.3636363636363636,0.6527110186888194,Mutual + Linear-SVM,unconscious,unconscious,False,Image,False,6,2,3,4
1585,01,lh-inferiorparietal,0.5833333333333333,0.05892556509887897,0.25,0.6277938096368432,Mutual + Linear-SVM,unconscious,unconscious,False,Image,False,7,1,1,5
1586,01,lh-inferiorparietal,0.4375,-0.3851644432598216,0.13333333333333333,0.6881179798659615,Mutual + Linear-SVM,unconscious,unconscious,False,Image,False,6,1,7,6
1587,01,lh-inferiorparietal,0.4230769230769231,-0.12179487179487179,0.46153846153846156,0.7136044374724062,Mutual + Linear-SVM,unconscious,unconscious,False,Image,False,5,6,7,7
1588,01,lh-inferiorparietal,0.5277777777777778,0.13762047064079508,0.5263157894736842,0.6842209051470447,Mutual + Linear-SVM,unconscious,unconscious,False,Image,False,7,5,4,5
1589,01,lh-inferiorparietal,0.25,-0.40824829046386296,0.0,0.6380524883906495,Mutual + Linear-SVM,unconscious,unconscious,False,Image,False,5,0,2,7
1590,01,lh-inferiorparietal,0.6333333333333333,0.3337119062359573,0.5454545454545454,0.6534405167156422,Mutual + Linear-SVM,unconscious,unconscious,False,Image,False,9,3,2,3
1591,01,lh-inferiorparietal,0.47916666666666674,0.08206099398622181,0.47058823529411764,0.6783332549673061,Mutual + Linear-SVM,unconscious,unconscious,False,Image,False,7,4,4,5
1592,01,lh-inferiorparietal,0.6166666666666667,0.16735967034880075,0.4615384615384615,0.6492768816049805,Mutual + Linear-SVM,unconscious,unconscious,False,Image,False,7,3,2,5
1593,01,lh-inferiorparietal,0.53125,-0.12309149097933272,0.35294117647058826,0.6773639821722229,Mutual + Linear-SVM,unconscious,unconscious,False,Image,False,6,3,5,6
1594,01,lh-inferiorparietal,0.5277777777777778,0.027777777777777776,0.4444444444444444,0.6821947120421357,Mutual + Linear-SVM,unconscious,unconscious,False,Image,False,7,4,5,5
1595,01,lh-inferiorparietal,0.35714285714285715,-0.3680349649825889,0.23529411764705882,0.6893000929917562,Mutual + Linear-SVM,unconscious,unconscious,False,Image,False,4,2,5,8
1596,01,lh-inferiorparietal,0.2777777777777778,-0.4714045207910316,0.13333333333333333,0.6783046600098767,Mutual + Linear-SVM,unconscious,unconscious,False,Image,False,4,1,5,8
1597,01,lh-inferiorparietal,0.3257575757575757,-0.12878787878787878,0.43478260869565216,0.7059199600351155,Mutual + Linear-SVM,unconscious,unconscious,False,Image,False,5,5,6,7
1598,01,lh-inferiorparietal,0.5333333333333334,0.06356417261637282,0.3636363636363636,0.6586124502201741,Mutual + Linear-SVM,unconscious,unconscious,False,Image,False,8,2,3,4
1599,01,lh-inferiorparietal,0.49074074074074076,0.027777777777777776,0.4444444444444444,0.6825170310513526,Mutual + Linear-SVM,unconscious,unconscious,False,Image,False,7,4,5,5
1600,01,lh-inferiorparietal,0.1388888888888889,-0.6446583712203042,0.11764705882352942,0.6806806975216548,Mutual + Linear-SVM,unconscious,unconscious,False,Image,False,2,1,5,10
1601,01,lh-inferiorparietal,0.25,-0.4714045207910316,0.13333333333333333,0.6815620152400503,Mutual + Linear-SVM,unconscious,unconscious,False,Image,False,4,1,5,8
1602,01,lh-inferiorparietal,0.5944444444444444,0.11602387022306429,0.5714285714285715,0.7078605798133066,Mutual + Linear-SVM,unconscious,unconscious,False,Image,False,7,8,7,5
1603,01,lh-inferiorparietal,0.5750000000000001,-0.016878989451394443,0.4210526315789474,0.6832111798122026,Mutual + Linear-SVM,unconscious,unconscious,False,Image,False,7,4,6,5
1604,01,lh-inferiorparietal,0.39583333333333337,-0.2886751345948129,0.16666666666666666,0.6496441451773594,Mutual + Linear-SVM,unconscious,unconscious,False,Image,False,5,1,3,7
1605,01,lh-inferiorparietal,0.25,-0.42600643361512924,0.14285714285714285,0.6715841147971463,Mutual + Linear-SVM,unconscious,unconscious,False,Image,False,4,1,4,8
1606,01,lh-inferiorparietal,0.3888888888888889,-0.2357022603955158,0.26666666666666666,0.6722086933744156,Mutual + Linear-SVM,unconscious,unconscious,False,Image,False,5,2,4,7
1607,01,lh-inferiorparietal,0.4791666666666667,-0.12309149097933272,0.35294117647058826,0.6904522717268875,Mutual + Linear-SVM,unconscious,unconscious,False,Image,False,6,3,5,6
1608,01,lh-inferiorparietal,0.3555555555555556,-0.18232322463624387,0.42857142857142855,0.7348503651147255,Mutual + Linear-SVM,unconscious,unconscious,False,Image,False,5,6,9,7
1609,01,lh-inferiorparietal,0.3888888888888889,-0.15811388300841897,0.28571428571428575,0.6661699668690235,Mutual + Linear-SVM,unconscious,unconscious,False,Image,False,6,2,4,6
1610,01,lh-inferiorparietal,0.5,-0.016878989451394443,0.4210526315789474,0.6851822969654907,Mutual + Linear-SVM,unconscious,unconscious,False,Image,False,7,4,6,5
1611,01,lh-inferiorparietal,0.4166666666666667,-0.041666666666666664,0.375,0.6840821446870907,Mutual + Linear-SVM,unconscious,unconscious,False,Image,False,7,3,5,5
1612,01,lh-inferiorparietal,0.5416666666666667,0.07905694150420949,0.42857142857142855,0.6616503856266376,Mutual + Linear-SVM,unconscious,unconscious,False,Image,False,7,3,3,5
1613,01,lh-inferiorparietal,0.5833333333333333,-0.12171612389003691,0.1818181818181818,0.6249826984132708,Mutual + Linear-SVM,unconscious,unconscious,False,Image,False,4,1,1,8
1614,01,lh-inferiorparietal,0.6666666666666667,0.28721347895177635,0.5882352941176471,0.6654505700724674,Mutual + Linear-SVM,unconscious,unconscious,False,Image,False,8,5,3,4
1615,01,lh-inferiorparietal,0.5,-0.015430334996209192,0.3333333333333333,0.6579911845968537,Mutual + Linear-SVM,unconscious,unconscious,False,Image,False,7,2,3,5
1616,01,lh-inferiorparietal,0.3712121212121212,-0.12878787878787878,0.43478260869565216,0.7103514176588798,Mutual + Linear-SVM,unconscious,unconscious,False,Image,False,5,5,6,7
1617,01,lh-inferiorparietal,0.42708333333333337,-0.25,0.25,0.6860082831984066,Mutual + Linear-SVM,unconscious,unconscious,False,Image,False,6,2,6,6
1618,01,lh-inferiorparietal,0.35000000000000003,-0.34993385618385614,0.15384615384615385,0.6580329238933315,Mutual + Linear-SVM,unconscious,unconscious,False,Image,False,5,1,4,7
1619,01,lh-inferiorparietal,0.3833333333333333,-0.16735967034880075,0.2857142857142857,0.6599074022021616,Mutual + Linear-SVM,unconscious,unconscious,False,Image,False,5,2,3,7
1620,01,lh-inferiorparietal,0.35,-0.2833333333333333,0.3,0.7006658271381728,Mutual + Linear-SVM,unconscious,unconscious,False,Image,False,5,3,7,7
1621,01,lh-inferiorparietal,0.38888888888888884,-0.15811388300841897,0.28571428571428575,0.6712557735401365,Mutual + Linear-SVM,unconscious,unconscious,False,Image,False,6,2,4,6
1622,01,lh-inferiorparietal,0.30208333333333337,-0.32824397594488725,0.23529411764705882,0.6868184721346307,Mutual + Linear-SVM,unconscious,unconscious,False,Image,False,5,2,6,7
1623,01,lh-inferiorparietal,0.6041666666666667,0.07273929674533079,0.36363636363636365,0.6473527765150711,Mutual + Linear-SVM,unconscious,unconscious,False,Image,False,7,2,2,5
1624,01,lh-inferiorparietal,0.3425925925925926,-0.3302891295379082,0.3,0.6981105451040082,Mutual + Linear-SVM,unconscious,unconscious,False,Image,False,4,3,6,8
1625,01,lh-inferiorparietal,0.625,0.08206099398622181,0.47058823529411764,0.6664456634272644,Mutual + Linear-SVM,unconscious,unconscious,False,Image,False,7,4,4,5
1626,01,lh-inferiorparietal,0.5625000000000001,-0.07273929674533079,0.30769230769230765,0.647704849579822,Mutual + Linear-SVM,unconscious,unconscious,False,Image,False,5,2,2,7
1627,01,lh-inferiorparietal,0.18333333333333335,-0.42600643361512924,0.14285714285714285,0.6636355002405046,Mutual + Linear-SVM,unconscious,unconscious,False,Image,False,4,1,4,8
1628,01,lh-inferiorparietal,0.6666666666666666,0.14951420452417674,0.5,0.6609565287599026,Mutual + Linear-SVM,unconscious,unconscious,False,Image,False,7,4,3,5
1629,01,lh-inferiorparietal,0.22619047619047622,-0.3680349649825889,0.23529411764705882,0.7112729981624617,Mutual + Linear-SVM,unconscious,unconscious,False,Image,False,4,2,5,8
1630,01,lh-inferiorparietal,0.5378787878787878,-0.045454545454545456,0.45454545454545453,0.6889599868793926,Mutual + Linear-SVM,unconscious,unconscious,False,Image,False,6,5,6,6
1631,01,lh-inferiorparietal,0.3611111111111111,-0.15811388300841897,0.28571428571428575,0.6786208481200775,Mutual + Linear-SVM,unconscious,unconscious,False,Image,False,6,2,4,6
1632,01,lh-inferiorparietal,0.31666666666666665,-0.34993385618385614,0.15384615384615385,0.6726381937866702,Mutual + Linear-SVM,unconscious,unconscious,False,Image,False,5,1,4,7
1633,01,lh-inferiorparietal,0.4285714285714286,-0.3779644730092272,0.0,0.6614942231150516,Mutual + Linear-SVM,unconscious,unconscious,False,Image,False,4,0,2,3
1634,01,lh-inferiorparietal,0.26785714285714285,-0.472455591261534,0.15384615384615385,0.7400759730728228,Mutual + Linear-SVM,unconscious,unconscious,False,Image,False,3,1,7,4
1635,01,lh-inferiorparietal,0.34065934065934067,-0.25677629550654774,0.380952380952381,0.7709156061574675,Mutual + Linear-SVM,unconscious,unconscious,False,Image,False,3,4,9,4
1636,01,lh-inferiorparietal,0.46031746031746035,0.015873015873015872,0.5,0.7125255082236257,Mutual + Linear-SVM,unconscious,unconscious,False,Image,False,4,4,5,3
1637,01,lh-inferiorparietal,0.14285714285714285,-0.5976143046671968,0.0,0.7006414211024455,Mutual + Linear-SVM,unconscious,unconscious,False,Image,False,2,0,2,5
1638,01,lh-inferiorparietal,0.5428571428571429,0.11952286093343936,0.4444444444444445,0.679349463762586,Mutual + Linear-SVM,unconscious,unconscious,False,Image,False,5,2,3,2
1639,01,lh-inferiorparietal,0.42857142857142855,-0.05455447255899809,0.42857142857142855,0.7182832149723843,Mutual + Linear-SVM,unconscious,unconscious,False,Image,False,4,3,5,3
1640,01,lh-inferiorparietal,0.4285714285714285,-0.02857142857142857,0.4000000000000001,0.6883887351035815,Mutual + Linear-SVM,unconscious,unconscious,False,Image,False,4,2,3,3
1641,01,lh-inferiorparietal,0.5535714285714286,0.07142857142857142,0.5333333333333333,0.697649259373847,Mutual + Linear-SVM,unconscious,unconscious,False,Image,False,4,4,4,3
1642,01,lh-inferiorparietal,0.41269841269841273,0.015873015873015872,0.5,0.7224028959856374,Mutual + Linear-SVM,unconscious,unconscious,False,Image,False,4,4,5,3
1643,01,lh-inferiorparietal,0.30612244897959184,-0.28867513459481287,0.30769230769230765,0.7353317083353815,Mutual + Linear-SVM,unconscious,unconscious,False,Image,False,3,2,5,4
1644,01,lh-inferiorparietal,0.14285714285714285,-0.4147575310031266,0.1818181818181818,0.7364805565236975,Mutual + Linear-SVM,unconscious,unconscious,False,Image,False,3,1,5,4
1645,01,lh-inferiorparietal,0.2987012987012987,-0.2987012987012987,0.33333333333333326,0.7490463550132392,Mutual + Linear-SVM,unconscious,unconscious,False,Image,False,3,3,8,4
1646,01,lh-inferiorparietal,0.5142857142857142,0.11952286093343936,0.4444444444444445,0.6875331590507602,Mutual + Linear-SVM,unconscious,unconscious,False,Image,False,5,2,3,2
1647,01,lh-inferiorparietal,0.4126984126984127,-0.22084711628963774,0.2857142857142857,0.7224101892422545,Mutual + Linear-SVM,unconscious,unconscious,False,Image,False,4,2,7,3
1648,01,lh-inferiorparietal,0.14285714285714285,-0.5476190476190477,0.16666666666666666,0.7404735202806586,Mutual + Linear-SVM,unconscious,unconscious,False,Image,False,2,1,5,5
1649,01,lh-inferiorparietal,0.1666666666666667,-0.5476190476190477,0.16666666666666666,0.7459587124115582,Mutual + Linear-SVM,unconscious,unconscious,False,Image,False,2,1,5,5
1650,01,lh-inferiorparietal,0.5047619047619049,0.035634832254989916,0.56,0.7457435779731747,Mutual + Linear-SVM,unconscious,unconscious,False,Image,False,4,7,8,3
1651,01,lh-inferiorparietal,0.4428571428571429,-0.13241022442571243,0.37499999999999994,0.7192657720566318,Mutual + Linear-SVM,unconscious,unconscious,False,Image,False,4,3,7,3
1652,01,lh-inferiorparietal,0.32142857142857145,-0.3105295017040594,0.22222222222222224,0.693795592840035,Mutual + Linear-SVM,unconscious,unconscious,False,Image,False,3,1,3,4
1653,01,lh-inferiorparietal,0.17142857142857143,-0.37142857142857144,0.20000000000000004,0.7151101007921775,Mutual + Linear-SVM,unconscious,unconscious,False,Image,False,3,1,4,4
1654,01,lh-inferiorparietal,0.3571428571428572,-0.23809523809523808,0.3333333333333333,0.7162753166469452,Mutual + Linear-SVM,unconscious,unconscious,False,Image,False,3,2,4,4
1655,01,lh-inferiorparietal,0.3571428571428571,-0.32732683535398854,0.28571428571428575,0.7359890441902677,Mutual + Linear-SVM,unconscious,unconscious,False,Image,False,3,2,6,4
1656,01,lh-inferiorparietal,0.21904761904761907,-0.295084445425327,0.3478260869565218,0.7736921258643829,Mutual + Linear-SVM,unconscious,unconscious,False,Image,False,3,4,11,4
1657,01,lh-inferiorparietal,0.28571428571428575,-0.23809523809523808,0.3333333333333333,0.7130100828491565,Mutual + Linear-SVM,unconscious,unconscious,False,Image,False,3,2,4,4
1658,01,lh-inferiorparietal,0.5,0.07042952122737638,0.5555555555555556,0.7215629640236085,Mutual + Linear-SVM,unconscious,unconscious,False,Image,False,4,5,5,3
1659,01,lh-inferiorparietal,0.3035714285714286,-0.07142857142857142,0.5,0.7275419261230118,Mutual + Linear-SVM,unconscious,unconscious,False,Image,False,3,4,4,4
1660,01,lh-inferiorparietal,0.6428571428571429,0.38095238095238093,0.6666666666666666,0.6873798910280496,Mutual + Linear-SVM,unconscious,unconscious,False,Image,False,5,4,2,2
1661,01,lh-inferiorparietal,0.2857142857142857,-0.3779644730092272,0.0,0.6728567710806694,Mutual + Linear-SVM,unconscious,unconscious,False,Image,False,4,0,2,3
1662,01,lh-inferiorparietal,0.3928571428571429,-0.18898223650461363,0.3076923076923077,0.7071604894506295,Mutual + Linear-SVM,unconscious,unconscious,False,Image,False,4,2,6,3
1663,01,lh-inferiorparietal,0.39999999999999997,-0.02857142857142857,0.4000000000000001,0.6951019516852099,Mutual + Linear-SVM,unconscious,unconscious,False,Image,False,4,2,3,3
1664,01,lh-inferiorparietal,0.2857142857142857,-0.2987012987012987,0.33333333333333326,0.755449963169444,Mutual + Linear-SVM,unconscious,unconscious,False,Image,False,3,3,8,4
1665,01,lh-inferiorparietal,0.3035714285714286,-0.32732683535398854,0.28571428571428575,0.7429444566075121,Mutual + Linear-SVM,unconscious,unconscious,False,Image,False,3,2,6,4
1666,01,lh-inferiorparietal,0.22857142857142856,-0.5976143046671968,0.0,0.7092862166909274,Mutual + Linear-SVM,unconscious,unconscious,False,Image,False,3,0,5,4
1667,01,lh-inferiorparietal,0.2857142857142857,-0.37142857142857144,0.20000000000000004,0.7069577263621465,Mutual + Linear-SVM,unconscious,unconscious,False,Image,False,3,1,4,4
1668,01,lh-inferiorparietal,0.34285714285714286,-0.2714285714285714,0.3529411764705882,0.7372416144553072,Mutual + Linear-SVM,unconscious,unconscious,False,Image,False,3,3,7,4
1669,01,lh-inferiorparietal,0.2380952380952381,-0.23809523809523808,0.3333333333333333,0.7226305046076431,Mutual + Linear-SVM,unconscious,unconscious,False,Image,False,3,2,4,4
1670,01,lh-inferiorparietal,0.32142857142857145,-0.19642857142857142,0.39999999999999997,0.7235599613477576,Mutual + Linear-SVM,unconscious,unconscious,False,Image,False,3,3,5,4
1671,01,lh-inferiorparietal,0.4642857142857143,-0.03857583749052298,0.28571428571428575,0.680183744179094,Mutual + Linear-SVM,unconscious,unconscious,False,Image,False,5,1,3,2
1672,01,lh-inferiorparietal,0.253968253968254,-0.3578300267477955,0.26666666666666666,0.7735533501733148,Mutual + Linear-SVM,unconscious,unconscious,False,Image,False,3,2,7,4
1673,01,lh-inferiorparietal,0.4821428571428572,-0.18898223650461363,0.3076923076923077,0.7046623843276257,Mutual + Linear-SVM,unconscious,unconscious,False,Image,False,4,2,6,3
1674,01,lh-inferiorparietal,0.5,0.06900655593423542,0.4444444444444445,0.6746964768156517,Mutual + Linear-SVM,unconscious,unconscious,False,Image,False,4,2,2,3
1675,01,lh-inferiorparietal,0.3142857142857143,-0.37142857142857144,0.20000000000000004,0.7020692052758347,Mutual + Linear-SVM,unconscious,unconscious,False,Image,False,3,1,4,4
1676,01,lh-inferiorparietal,0.6122448979591837,0.0,0.4615384615384615,0.6842420571705218,Mutual + Linear-SVM,unconscious,unconscious,False,Image,False,4,3,4,3
1677,01,lh-inferiorparietal,0.22448979591836732,-0.4472135954999579,0.16666666666666666,0.7755216079668296,Mutual + Linear-SVM,unconscious,unconscious,False,Image,False,3,1,6,4
1678,01,lh-inferiorparietal,0.4675324675324675,0.025482359571881278,0.5263157894736842,0.7365957623013113,Mutual + Linear-SVM,unconscious,unconscious,False,Image,False,4,5,6,3
1679,01,lh-inferiorparietal,0.2619047619047619,-0.23809523809523808,0.3333333333333333,0.7593919136280189,Mutual + Linear-SVM,unconscious,unconscious,False,Image,False,3,2,4,4
1680,01,lh-inferiorparietal,0.4,-0.1690308509457033,0.3636363636363636,0.7040924091968163,Mutual + Linear-SVM,unconscious,unconscious,False,Image,False,3,2,3,4
1681,01,lh-inferiorparietal,0.8333333333333334,0.3333333333333333,0.5,0.6481409750819388,Mutual + Linear-SVM,unconscious,unconscious,False,Image,False,5,1,1,1
1682,01,lh-inferiorparietal,0.22916666666666666,-0.5594309277855158,0.15384615384615385,0.7663754302648812,Mutual + Linear-SVM,unconscious,unconscious,False,Image,False,2,1,7,4
1683,01,lh-inferiorparietal,0.33333333333333337,-0.1086310236566852,0.4761904761904762,0.7794240060434902,Mutual + Linear-SVM,unconscious,unconscious,False,Image,False,3,5,8,3
1684,01,lh-inferiorparietal,0.6666666666666666,0.49099025303098287,0.75,0.7124569637537271,Mutual + Linear-SVM,unconscious,unconscious,False,Image,False,5,6,3,1
1685,01,lh-inferiorparietal,0.08333333333333331,-0.5773502691896258,0.0,0.6859944445750268,Mutual + Linear-SVM,unconscious,unconscious,False,Image,False,2,0,2,4
1686,01,lh-inferiorparietal,0.5333333333333333,0.06900655593423542,0.4444444444444445,0.6917323033609803,Mutual + Linear-SVM,unconscious,unconscious,False,Image,False,4,2,3,2
1687,01,lh-inferiorparietal,0.39583333333333337,-0.125,0.42857142857142855,0.7322290267721189,Mutual + Linear-SVM,unconscious,unconscious,False,Image,False,3,3,5,3
1688,01,lh-inferiorparietal,0.6000000000000001,0.26666666666666666,0.6,0.6723275404226459,Mutual + Linear-SVM,unconscious,unconscious,False,Image,False,4,3,2,2
1689,01,lh-inferiorparietal,0.5208333333333334,0.0,0.5333333333333333,0.7101311525084828,Mutual + Linear-SVM,unconscious,unconscious,False,Image,False,3,4,4,3
1690,01,lh-inferiorparietal,0.42592592592592593,0.05455447255899809,0.5882352941176471,0.7284283676762197,Mutual + Linear-SVM,unconscious,unconscious,False,Image,False,3,5,4,3
1691,01,lh-inferiorparietal,0.30952380952380953,-0.21957751641341997,0.3333333333333333,0.7356701936680015,Mutual + Linear-SVM,unconscious,unconscious,False,Image,False,3,2,5,3
1692,01,lh-inferiorparietal,0.2222222222222222,-0.1690308509457033,0.3636363636363636,0.7243673649505813,Mutual + Linear-SVM,unconscious,unconscious,False,Image,False,3,2,4,3
1693,01,lh-inferiorparietal,0.3787878787878788,-0.13241022442571243,0.4444444444444444,0.7534768364768777,Mutual + Linear-SVM,unconscious,unconscious,False,Image,False,3,4,7,3
1694,01,lh-inferiorparietal,0.6666666666666667,0.4485426135725303,0.6666666666666665,0.6865388454374562,Mutual + Linear-SVM,unconscious,unconscious,False,Image,False,5,3,2,1
1695,01,lh-inferiorparietal,0.46296296296296297,0.1111111111111111,0.5333333333333333,0.7276070309014337,Mutual + Linear-SVM,unconscious,unconscious,False,Image,False,4,4,5,2
1696,01,lh-inferiorparietal,0.1111111111111111,-0.50709255283711,0.1818181818181818,0.7543272772497942,Mutual + Linear-SVM,unconscious,unconscious,False,Image,False,2,1,5,4
1697,01,lh-inferiorparietal,0.19444444444444442,-0.50709255283711,0.1818181818181818,0.7488902461277175,Mutual + Linear-SVM,unconscious,unconscious,False,Image,False,2,1,5,4
1698,01,lh-inferiorparietal,0.4555555555555555,0.12171612389003691,0.5833333333333334,0.7577116535966963,Mutual + Linear-SVM,unconscious,unconscious,False,Image,False,4,7,8,2
1699,01,lh-inferiorparietal,0.41666666666666663,-0.09759000729485331,0.47058823529411764,0.7342196820338085,Mutual + Linear-SVM,unconscious,unconscious,False,Image,False,3,4,6,3
1700,01,lh-inferiorparietal,0.33333333333333337,-0.25,0.25,0.6941392809365178,Mutual + Linear-SVM,unconscious,unconscious,False,Image,False,3,1,3,3
1701,01,lh-inferiorparietal,0.13333333333333336,-0.4666666666666667,0.20000000000000004,0.7483493388341657,Mutual + Linear-SVM,unconscious,unconscious,False,Image,False,2,1,4,4
1702,01,lh-inferiorparietal,0.16666666666666666,-0.50709255283711,0.1818181818181818,0.7434446785688159,Mutual + Linear-SVM,unconscious,unconscious,False,Image,False,2,1,5,4
1703,01,lh-inferiorparietal,0.41666666666666663,0.04303314829119352,0.4615384615384615,0.7448074993129241,Mutual + Linear-SVM,unconscious,unconscious,False,Image,False,4,3,5,2
1704,01,lh-inferiorparietal,0.2888888888888889,-0.09128709291752768,0.5,0.7918846680227202,Mutual + Linear-SVM,unconscious,unconscious,False,Image,False,3,6,9,3
1705,01,lh-inferiorparietal,0.19444444444444445,-0.3333333333333333,0.3333333333333333,0.7320855349089083,Mutual + Linear-SVM,unconscious,unconscious,False,Image,False,2,2,4,4
1706,01,lh-inferiorparietal,0.4666666666666667,0.0,0.5555555555555556,0.7282399811244978,Mutual + Linear-SVM,unconscious,unconscious,False,Image,False,3,5,5,3
1707,01,lh-inferiorparietal,0.45833333333333337,0.0,0.5333333333333333,0.733384477934184,Mutual + Linear-SVM,unconscious,unconscious,False,Image,False,3,4,4,3
1708,01,lh-inferiorparietal,0.5277777777777778,0.1690308509457033,0.5454545454545454,0.7014642746294149,Mutual + Linear-SVM,unconscious,unconscious,False,Image,False,4,3,3,2
1709,01,lh-inferiorparietal,0.4166666666666667,-0.2182178902359924,0.0,0.6676098481621978,Mutual + Linear-SVM,unconscious,unconscious,False,Image,False,5,0,2,1
1710,01,lh-inferiorparietal,0.5208333333333334,0.0,0.5333333333333333,0.7140747962075832,Mutual + Linear-SVM,unconscious,unconscious,False,Image,False,3,4,4,3
1711,01,lh-inferiorparietal,0.3666666666666667,-0.26666666666666666,0.3636363636363636,0.7061206400168454,Mutual + Linear-SVM,unconscious,unconscious,False,Image,False,2,2,3,4
1712,01,lh-inferiorparietal,0.3787878787878788,-0.13241022442571243,0.4444444444444444,0.773040876117608,Mutual + Linear-SVM,unconscious,unconscious,False,Image,False,3,4,7,3
1713,01,lh-inferiorparietal,0.35416666666666663,-0.28867513459481287,0.39999999999999997,0.761341253202482,Mutual + Linear-SVM,unconscious,unconscious,False,Image,False,2,3,5,4
1714,01,lh-inferiorparietal,0.33333333333333337,-0.3105295017040594,0.22222222222222224,0.7055093927322298,Mutual + Linear-SVM,unconscious,unconscious,False,Image,False,3,1,4,3
1715,01,lh-inferiorparietal,0.30000000000000004,-0.3105295017040594,0.22222222222222224,0.7048911097813678,Mutual + Linear-SVM,unconscious,unconscious,False,Image,False,3,1,4,3
1716,01,lh-inferiorparietal,0.31666666666666665,-0.09759000729485331,0.47058823529411764,0.757786525205552,Mutual + Linear-SVM,unconscious,unconscious,False,Image,False,3,4,6,3
1717,01,lh-inferiorparietal,0.3055555555555556,-0.1690308509457033,0.3636363636363636,0.7303814365273316,Mutual + Linear-SVM,unconscious,unconscious,False,Image,False,3,2,4,3
1718,01,lh-inferiorparietal,0.45833333333333337,-0.125,0.42857142857142855,0.7289059678183575,Mutual + Linear-SVM,unconscious,unconscious,False,Image,False,3,3,5,3
1719,01,lh-inferiorparietal,0.4166666666666667,0.10206207261596577,0.3333333333333333,0.687151955935962,Mutual + Linear-SVM,unconscious,unconscious,False,Image,False,5,1,3,1
1720,01,lh-inferiorparietal,0.46296296296296297,-0.05455447255899809,0.5,0.7351392400513875,Mutual + Linear-SVM,unconscious,unconscious,False,Image,False,3,4,5,3
1721,01,lh-inferiorparietal,0.5416666666666666,0.04303314829119352,0.4615384615384615,0.7058798480681349,Mutual + Linear-SVM,unconscious,unconscious,False,Image,False,4,3,5,2
1722,01,lh-inferiorparietal,0.6666666666666667,0.16666666666666666,0.5,0.6778529601562966,Mutual + Linear-SVM,unconscious,unconscious,False,Image,False,4,2,2,2
1723,01,lh-inferiorparietal,0.16666666666666669,-0.4666666666666667,0.20000000000000004,0.7234495558149145,Mutual + Linear-SVM,unconscious,unconscious,False,Image,False,2,1,4,4
1724,01,lh-inferiorparietal,0.5952380952380952,0.23809523809523808,0.6153846153846153,0.6991157565003114,Mutual + Linear-SVM,unconscious,unconscious,False,Image,False,4,4,3,2
1725,01,lh-inferiorparietal,0.09523809523809525,-0.6904761904761905,0.15384615384615383,0.8000616047620371,Mutual + Linear-SVM,unconscious,unconscious,False,Image,False,1,1,6,5
1726,01,lh-inferiorparietal,0.33333333333333337,-0.13241022442571243,0.4444444444444444,0.7522417224357137,Mutual + Linear-SVM,unconscious,unconscious,False,Image,False,3,4,7,3
1727,01,lh-inferiorparietal,0.33333333333333337,-0.1690308509457033,0.3636363636363636,0.7384436274931437,Mutual + Linear-SVM,unconscious,unconscious,False,Image,False,3,2,4,3
1728,01,lh-inferiorparietal,0.4,-0.1,0.4000000000000001,0.7148327183221571,Mutual + Linear-SVM,unconscious,unconscious,False,Image,False,3,2,3,3
1729,01,lh-inferiorparietal,0.78125,0.08058229640253803,0.22222222222222224,0.6186145090182708,Mutual + Linear-SVM,unconscious,unconscious,False,Image,False,10,1,1,6
1730,01,lh-inferiorparietal,0.40625,-0.11826247919781652,0.3157894736842105,0.6707556874941519,Mutual + Linear-SVM,unconscious,unconscious,False,Image,False,8,3,5,8
1731,01,lh-inferiorparietal,0.5384615384615384,0.10047961905856255,0.5185185185185186,0.6868511551444875,Mutual + Linear-SVM,unconscious,unconscious,False,Image,False,9,7,6,7
1732,01,lh-inferiorparietal,0.6041666666666666,0.006715191366878169,0.39999999999999997,0.6647374580773076,Mutual + Linear-SVM,unconscious,unconscious,False,Image,False,9,4,5,7
1733,01,lh-inferiorparietal,0.21875,-0.44320263021395917,0.0,0.6207513181188209,Mutual + Linear-SVM,unconscious,unconscious,False,Image,False,5,0,2,11
1734,01,lh-inferiorparietal,0.6625,0.19364916731037085,0.42857142857142855,0.6444239421161018,Mutual + Linear-SVM,unconscious,unconscious,False,Image,False,10,3,2,6
1735,01,lh-inferiorparietal,0.609375,0.25,0.5,0.6618764124912961,Mutual + Linear-SVM,unconscious,unconscious,False,Image,False,12,4,4,4
1736,01,lh-inferiorparietal,0.6625,0.19364916731037085,0.42857142857142855,0.641576789045386,Mutual + Linear-SVM,unconscious,unconscious,False,Image,False,10,3,2,6
1737,01,lh-inferiorparietal,0.5625,0.0,0.4,0.6599035231286455,Mutual + Linear-SVM,unconscious,unconscious,False,Image,False,8,4,4,8
1738,01,lh-inferiorparietal,0.5208333333333333,-0.17459497553883238,0.34782608695652173,0.6652378288808803,Mutual + Linear-SVM,unconscious,unconscious,False,Image,False,6,4,5,10
1739,01,lh-inferiorparietal,0.5178571428571428,0.11213565339313257,0.39999999999999997,0.6585570421896383,Mutual + Linear-SVM,unconscious,unconscious,False,Image,False,11,3,4,5
1740,01,lh-inferiorparietal,0.4375,-0.2041241452319315,0.23529411764705885,0.656492369845965,Mutual + Linear-SVM,unconscious,unconscious,False,Image,False,7,2,4,9
1741,01,lh-inferiorparietal,0.5227272727272727,0.07954545454545454,0.45454545454545453,0.6778246894126821,Mutual + Linear-SVM,unconscious,unconscious,False,Image,False,10,5,6,6
1742,01,lh-inferiorparietal,0.7500000000000001,0.475,0.6,0.6411413556950761,Mutual + Linear-SVM,unconscious,unconscious,False,Image,False,14,3,2,2
1743,01,lh-inferiorparietal,0.6041666666666666,0.13194444444444445,0.4444444444444444,0.6621063180081657,Mutual + Linear-SVM,unconscious,unconscious,False,Image,False,11,4,5,5
1744,01,lh-inferiorparietal,0.25,-0.528395949267478,0.10526315789473684,0.6554380039870767,Mutual + Linear-SVM,unconscious,unconscious,False,Image,False,4,1,5,12
1745,01,lh-inferiorparietal,0.18749999999999997,-0.3540440964374667,0.125,0.6618049113103387,Mutual + Linear-SVM,unconscious,unconscious,False,Image,False,7,1,5,9
1746,01,lh-inferiorparietal,0.6,0.225,0.6,0.6926226293161742,Mutual + Linear-SVM,unconscious,unconscious,False,Image,False,10,9,6,6
1747,01,lh-inferiorparietal,0.65,0.1875,0.5,0.666934253045085,Mutual + Linear-SVM,unconscious,unconscious,False,Image,False,11,5,5,5
1748,01,lh-inferiorparietal,0.671875,0.15724272550828775,0.36363636363636365,0.6346671446185136,Mutual + Linear-SVM,unconscious,unconscious,False,Image,False,11,2,2,5
1749,01,lh-inferiorparietal,0.25,-0.4195731958391368,0.11764705882352941,0.6512176985318732,Mutual + Linear-SVM,unconscious,unconscious,False,Image,False,5,1,4,11
1750,01,lh-inferiorparietal,0.4375,-0.14907119849998599,0.25,0.6511640822648732,Mutual + Linear-SVM,unconscious,unconscious,False,Image,False,8,2,4,8
1751,01,lh-inferiorparietal,0.4296875,-0.11826247919781652,0.3157894736842105,0.6725872186965788,Mutual + Linear-SVM,unconscious,unconscious,False,Image,False,8,3,5,8
1752,01,lh-inferiorparietal,0.3333333333333333,-0.2916666666666667,0.3333333333333333,0.7056763673142343,Mutual + Linear-SVM,unconscious,unconscious,False,Image,False,6,5,10,10
1753,01,lh-inferiorparietal,0.5625,0.0,0.3529411764705882,0.649148807851359,Mutual + Linear-SVM,unconscious,unconscious,False,Image,False,8,3,3,8
1754,01,lh-inferiorparietal,0.5375000000000001,-0.09759000729485333,0.3636363636363636,0.6725819298810936,Mutual + Linear-SVM,unconscious,unconscious,False,Image,False,8,4,6,8
1755,01,lh-inferiorparietal,0.4921875,0.11952286093343936,0.4444444444444445,0.6655428187776097,Mutual + Linear-SVM,unconscious,unconscious,False,Image,False,10,4,4,6
1756,01,lh-inferiorparietal,0.5833333333333333,0.11322770341445958,0.4,0.6506027373280573,Mutual + Linear-SVM,unconscious,unconscious,False,Image,False,10,3,3,6
1757,01,lh-inferiorparietal,0.5,-0.08574929257125441,0.0,0.620244456141958,Mutual + Linear-SVM,unconscious,unconscious,False,Image,False,15,0,2,1
1758,01,lh-inferiorparietal,0.53125,-0.05976143046671968,0.33333333333333326,0.6606278128280545,Mutual + Linear-SVM,unconscious,unconscious,False,Image,False,9,3,5,7
1759,01,lh-inferiorparietal,0.6125,0.1414213562373095,0.3636363636363636,0.6426504930836994,Mutual + Linear-SVM,unconscious,unconscious,False,Image,False,12,2,3,4
1760,01,lh-inferiorparietal,0.3977272727272727,-0.13483997249264842,0.34782608695652173,0.6876283199717729,Mutual + Linear-SVM,unconscious,unconscious,False,Image,False,8,4,7,8
1761,01,lh-inferiorparietal,0.3671875,-0.3535533905932738,0.2,0.6640199406446557,Mutual + Linear-SVM,unconscious,unconscious,False,Image,False,6,2,6,10
1762,01,lh-inferiorparietal,0.2625,-0.4195731958391368,0.11764705882352941,0.6474274679672603,Mutual + Linear-SVM,unconscious,unconscious,False,Image,False,5,1,4,11
1763,01,lh-inferiorparietal,0.5375000000000001,0.021926450482675733,0.3076923076923077,0.6429960633309526,Mutual + Linear-SVM,unconscious,unconscious,False,Image,False,10,2,3,6
1764,01,lh-inferiorparietal,0.44375,-0.21957751641341997,0.3333333333333333,0.6748072667460172,Mutual + Linear-SVM,unconscious,unconscious,False,Image,False,6,4,6,10
1765,01,lh-inferiorparietal,0.40625,-0.09435641951204965,0.26666666666666666,0.6554002626523828,Mutual + Linear-SVM,unconscious,unconscious,False,Image,False,9,2,4,7
1766,01,lh-inferiorparietal,0.3125,-0.2956561979945413,0.2105263157894737,0.6734645226930889,Mutual + Linear-SVM,unconscious,unconscious,False,Image,False,7,2,6,9
1767,01,lh-inferiorparietal,0.578125,0.0,0.28571428571428575,0.6388505588115722,Mutual + Linear-SVM,unconscious,unconscious,False,Image,False,8,2,2,8
1768,01,lh-inferiorparietal,0.42361111111111105,-0.041666666666666664,0.3333333333333333,0.6687414154736228,Mutual + Linear-SVM,unconscious,unconscious,False,Image,False,10,3,6,6
1769,01,lh-inferiorparietal,0.703125,0.18257418583505539,0.47058823529411764,0.6552112492605087,Mutual + Linear-SVM,unconscious,unconscious,False,Image,False,11,4,4,5
1770,01,lh-inferiorparietal,0.640625,0.15724272550828775,0.36363636363636365,0.6378482323393654,Mutual + Linear-SVM,unconscious,unconscious,False,Image,False,11,2,2,5
1771,01,lh-inferiorparietal,0.275,-0.4195731958391368,0.11764705882352941,0.6476169871567268,Mutual + Linear-SVM,unconscious,unconscious,False,Image,False,5,1,4,11
1772,01,lh-inferiorparietal,0.6607142857142857,-0.05050762722761054,0.38095238095238093,0.6553403324906302,Mutual + Linear-SVM,unconscious,unconscious,False,Image,False,6,4,3,10
1773,01,lh-inferiorparietal,0.21428571428571427,-0.31252705510589024,0.2105263157894737,0.6784562296413975,Mutual + Linear-SVM,unconscious,unconscious,False,Image,False,6,2,5,10
1774,01,lh-inferiorparietal,0.45454545454545453,-0.04469901562676742,0.41666666666666663,0.6799654542361885,Mutual + Linear-SVM,unconscious,unconscious,False,Image,False,8,5,6,8
1775,01,lh-inferiorparietal,0.4375,-0.09435641951204965,0.26666666666666666,0.6540910171885155,Mutual + Linear-SVM,unconscious,unconscious,False,Image,False,9,2,4,7
1776,01,lh-inferiorparietal,0.2625,-0.15811388300841897,0.16666666666666666,0.6522517238668593,Mutual + Linear-SVM,unconscious,unconscious,False,Image,False,10,1,4,6
1777,01,lh-inferiorparietal,0.6111111111111112,-0.1336306209562122,0.22222222222222224,0.6392971527892484,Mutual + Linear-SVM,unconscious,unconscious,False,Image,False,3,1,1,6
1778,01,lh-inferiorparietal,0.16666666666666669,-0.4166666666666667,0.25,0.7222650469870034,Mutual + Linear-SVM,unconscious,unconscious,False,Image,False,3,2,6,6
1779,01,lh-inferiorparietal,0.4957264957264958,0.016878989451394443,0.5217391304347826,0.7272676740780639,Mutual + Linear-SVM,unconscious,unconscious,False,Image,False,5,6,7,4
1780,01,lh-inferiorparietal,0.43209876543209874,0.0,0.47058823529411764,0.7016940443347998,Mutual + Linear-SVM,unconscious,unconscious,False,Image,False,5,4,5,4
1781,01,lh-inferiorparietal,0.0,-0.769800358919501,0.0,0.6446587548793226,Mutual + Linear-SVM,unconscious,unconscious,False,Image,False,1,0,2,8
1782,01,lh-inferiorparietal,0.6222222222222223,0.18856180831641267,0.4444444444444445,0.665945307580426,Mutual + Linear-SVM,unconscious,unconscious,False,Image,False,7,2,3,2
1783,01,lh-inferiorparietal,0.3888888888888889,-0.18055555555555555,0.375,0.6982242667110955,Mutual + Linear-SVM,unconscious,unconscious,False,Image,False,4,3,5,5
1784,01,lh-inferiorparietal,0.5333333333333333,0.06666666666666667,0.4000000000000001,0.6726306231446743,Mutual + Linear-SVM,unconscious,unconscious,False,Image,False,6,2,3,3
1785,01,lh-inferiorparietal,0.5833333333333334,0.04351941398892446,0.42857142857142855,0.6869684708337744,Mutual + Linear-SVM,unconscious,unconscious,False,Image,False,6,3,5,3
1786,01,lh-inferiorparietal,0.4197530864197531,-0.1111111111111111,0.4444444444444444,0.7079915649537187,Mutual + Linear-SVM,unconscious,unconscious,False,Image,False,4,4,5,5
1787,01,lh-inferiorparietal,0.3492063492063492,-0.2698412698412698,0.2857142857142857,0.7005063337518791,Mutual + Linear-SVM,unconscious,unconscious,False,Image,False,4,2,5,5
1788,01,lh-inferiorparietal,0.35185185185185186,-0.21821789023599236,0.30769230769230765,0.6849345426724509,Mutual + Linear-SVM,unconscious,unconscious,False,Image,False,4,2,4,5
1789,01,lh-inferiorparietal,0.45454545454545453,0.10050378152592121,0.5714285714285713,0.7148264200985162,Mutual + Linear-SVM,unconscious,unconscious,False,Image,False,5,6,5,4
1790,01,lh-inferiorparietal,0.6666666666666666,0.14907119849998599,0.5,0.6681842557255239,Mutual + Linear-SVM,unconscious,unconscious,False,Image,False,5,3,2,4
1791,01,lh-inferiorparietal,0.4567901234567901,0.0,0.47058823529411764,0.7045780310456062,Mutual + Linear-SVM,unconscious,unconscious,False,Image,False,5,4,5,4
1792,01,lh-inferiorparietal,0.05555555555555556,-0.7222222222222222,0.13333333333333333,0.7013673051418773,Mutual + Linear-SVM,unconscious,unconscious,False,Image,False,1,1,5,8
1793,01,lh-inferiorparietal,0.2962962962962963,-0.32732683535398854,0.28571428571428575,0.6950618715245825,Mutual + Linear-SVM,unconscious,unconscious,False,Image,False,3,2,4,6
1794,01,lh-inferiorparietal,0.5111111111111112,0.021591675854376522,0.5384615384615385,0.729282347361026,Mutual + Linear-SVM,unconscious,unconscious,False,Image,False,5,7,8,4
1795,01,lh-inferiorparietal,0.4444444444444444,-0.044946657497549475,0.4444444444444445,0.7097459398282087,Mutual + Linear-SVM,unconscious,unconscious,False,Image,False,5,4,6,4
1796,01,lh-inferiorparietal,0.2222222222222222,-0.38575837490522974,0.18181818181818182,0.6699414131211863,Mutual + Linear-SVM,unconscious,unconscious,False,Image,False,3,1,3,6
1797,01,lh-inferiorparietal,0.08888888888888889,-0.6888888888888889,0.14285714285714285,0.6782698908972112,Mutual + Linear-SVM,unconscious,unconscious,False,Image,False,1,1,4,8
1798,01,lh-inferiorparietal,0.31481481481481477,-0.3888888888888889,0.16666666666666666,0.682456745506668,Mutual + Linear-SVM,unconscious,unconscious,False,Image,False,4,1,5,5
1799,01,lh-inferiorparietal,0.2916666666666667,-0.4166666666666667,0.25,0.7115601217210296,Mutual + Linear-SVM,unconscious,unconscious,False,Image,False,3,2,6,6
1800,01,lh-inferiorparietal,0.4296296296296297,0.15114173098063566,0.6428571428571429,0.7346363498300112,Mutual + Linear-SVM,unconscious,unconscious,False,Image,False,5,9,6,4
1801,01,lh-inferiorparietal,0.5,-0.28867513459481287,0.1818181818181818,0.677415220816756,Mutual + Linear-SVM,unconscious,unconscious,False,Image,False,5,1,5,4
1802,01,lh-inferiorparietal,0.48888888888888893,0.05555555555555555,0.5263157894736842,0.7050090723900965,Mutual + Linear-SVM,unconscious,unconscious,False,Image,False,5,5,5,4
1803,01,lh-inferiorparietal,0.5555555555555556,-0.1690308509457033,0.4444444444444445,0.6928115435175003,Mutual + Linear-SVM,unconscious,unconscious,False,Image,False,3,4,4,6
1804,01,lh-inferiorparietal,0.6481481481481481,0.16666666666666666,0.5,0.6741425349354432,Mutual + Linear-SVM,unconscious,unconscious,False,Image,False,6,3,3,3
1805,01,lh-inferiorparietal,0.5555555555555556,-0.24056261216234406,0.2,0.6407575972219619,Mutual + Linear-SVM,unconscious,unconscious,False,Image,False,2,1,1,7
1806,01,lh-inferiorparietal,0.5,0.1690308509457033,0.5333333333333333,0.6920709341738811,Mutual + Linear-SVM,unconscious,unconscious,False,Image,False,6,4,4,3
1807,01,lh-inferiorparietal,0.5555555555555556,0.18856180831641267,0.4444444444444445,0.6717285227461048,Mutual + Linear-SVM,unconscious,unconscious,False,Image,False,7,2,3,2
1808,01,lh-inferiorparietal,0.25252525252525254,-0.0657951694959769,0.3529411764705882,0.7252059218723473,Mutual + Linear-SVM,unconscious,unconscious,False,Image,False,6,3,8,3
1809,01,lh-inferiorparietal,0.3333333333333333,-0.18055555555555555,0.375,0.7134911670166576,Mutual + Linear-SVM,unconscious,unconscious,False,Image,False,4,3,5,5
1810,01,lh-inferiorparietal,0.24444444444444446,-0.34426518632954817,0.1818181818181818,0.6769033510526911,Mutual + Linear-SVM,unconscious,unconscious,False,Image,False,4,1,4,5
1811,01,lh-inferiorparietal,0.33333333333333337,-0.4472135954999579,0.16666666666666666,0.6733481559810003,Mutual + Linear-SVM,unconscious,unconscious,False,Image,False,3,1,4,6
1812,01,lh-inferiorparietal,0.2777777777777778,-0.2584432806109095,0.33333333333333326,0.7196928944511201,Mutual + Linear-SVM,unconscious,unconscious,False,Image,False,4,3,7,5
1813,01,lh-inferiorparietal,0.2222222222222222,-0.3888888888888889,0.16666666666666666,0.6997353350490805,Mutual + Linear-SVM,unconscious,unconscious,False,Image,False,4,1,5,5
1814,01,lh-inferiorparietal,0.45833333333333337,-0.18055555555555555,0.375,0.69698482146892,Mutual + Linear-SVM,unconscious,unconscious,False,Image,False,4,3,5,5
1815,01,lh-inferiorparietal,0.5,0.4330127018922193,0.4,0.6601462421832807,Mutual + Linear-SVM,unconscious,unconscious,False,Image,False,9,1,3,0
1816,01,lh-inferiorparietal,0.2592592592592593,-0.34188172937891387,0.25,0.7126986638025289,Mutual + Linear-SVM,unconscious,unconscious,False,Image,False,4,2,7,5
1817,01,lh-inferiorparietal,0.625,0.1690308509457033,0.5333333333333333,0.6827214244022591,Mutual + Linear-SVM,unconscious,unconscious,False,Image,False,6,4,4,3
1818,01,lh-inferiorparietal,0.6111111111111112,-0.05143444998736397,0.36363636363636365,0.6588110234153265,Mutual + Linear-SVM,unconscious,unconscious,False,Image,False,4,2,2,5
1819,01,lh-inferiorparietal,0.11111111111111112,-0.5594309277855158,0.15384615384615385,0.6761061529163283,Mutual + Linear-SVM,unconscious,unconscious,False,Image,False,2,1,4,7
1820,01,lh-inferiorparietal,0.6190476190476191,0.09759000729485331,0.4615384615384615,0.6749669807691977,Mutual + Linear-SVM,unconscious,unconscious,False,Image,False,6,3,4,3
1821,01,lh-inferiorparietal,0.2222222222222222,-0.32277655457716287,0.16666666666666666,0.7333420395869139,Mutual + Linear-SVM,unconscious,unconscious,False,Image,False,5,1,6,4
1822,01,lh-inferiorparietal,0.41414141414141414,-0.10050378152592121,0.47619047619047616,0.7186713458952575,Mutual + Linear-SVM,unconscious,unconscious,False,Image,False,4,5,6,5
1823,01,lh-inferiorparietal,0.25925925925925924,-0.5773502691896257,0.25,0.7135018523891271,Mutual + Linear-SVM,unconscious,unconscious,False,Image,False,1,2,4,8
1824,01,lh-inferiorparietal,0.3333333333333333,-0.025949964805384102,0.25,0.6879654305881002,Mutual + Linear-SVM,unconscious,unconscious,False,Image,False,7,1,4,2
1825,01,lh-inferiorparietal,0.45,-0.31622776601683794,0.0,0.6331446473528669,Mutual + Linear-SVM,unconscious,unconscious,False,Image,False,6,0,2,4
1826,01,lh-inferiorparietal,0.27499999999999997,-0.15811388300841897,0.28571428571428575,0.7027586429708466,Mutual + Linear-SVM,unconscious,unconscious,False,Image,False,6,2,6,4
1827,01,lh-inferiorparietal,0.4,-0.1953363462243731,0.3636363636363637,0.7269830459268711,Mutual + Linear-SVM,unconscious,unconscious,False,Image,False,5,4,9,5
1828,01,lh-inferiorparietal,0.4666666666666667,-0.05555555555555555,0.4444444444444444,0.6950991270777162,Mutual + Linear-SVM,unconscious,unconscious,False,Image,False,5,4,5,5
1829,01,lh-inferiorparietal,0.04999999999999999,-0.6324555320336759,0.0,0.6385409025793678,Mutual + Linear-SVM,unconscious,unconscious,False,Image,False,2,0,2,8
1830,01,lh-inferiorparietal,0.64,0.1,0.4000000000000001,0.662400494553459,Mutual + Linear-SVM,unconscious,unconscious,False,Image,False,7,2,3,3
1831,01,lh-inferiorparietal,0.375,-0.325,0.33333333333333326,0.691817372891564,Mutual + Linear-SVM,unconscious,unconscious,False,Image,False,3,3,5,7
1832,01,lh-inferiorparietal,0.24000000000000005,-0.37796447300922725,0.16666666666666666,0.6704907507951179,Mutual + Linear-SVM,unconscious,unconscious,False,Image,False,4,1,4,6
1833,01,lh-inferiorparietal,0.4,-0.22360679774997896,0.35294117647058826,0.6879117494498243,Mutual + Linear-SVM,unconscious,unconscious,False,Image,False,4,3,5,6
1834,01,lh-inferiorparietal,0.4444444444444444,-0.05555555555555555,0.4444444444444444,0.6956136596994026,Mutual + Linear-SVM,unconscious,unconscious,False,Image,False,5,4,5,5
1835,01,lh-inferiorparietal,0.22857142857142856,-0.6326266278117372,0.2222222222222222,0.6980853158888528,Mutual + Linear-SVM,unconscious,unconscious,False,Image,False,1,2,5,9
1836,01,lh-inferiorparietal,0.43333333333333335,0.14907119849998599,0.4,0.673262473390897,Mutual + Linear-SVM,unconscious,unconscious,False,Image,False,8,2,4,2
1837,01,lh-inferiorparietal,0.2727272727272727,-0.3302891295379082,0.3,0.7152180455433006,Mutual + Linear-SVM,unconscious,unconscious,False,Image,False,4,3,8,6
1838,01,lh-inferiorparietal,0.78,0.533001790889026,0.6666666666666665,0.660076409427407,Mutual + Linear-SVM,unconscious,unconscious,False,Image,False,9,3,2,1
1839,01,lh-inferiorparietal,0.5666666666666667,0.2584432806109095,0.5882352941176471,0.6876503572415616,Mutual + Linear-SVM,unconscious,unconscious,False,Image,False,7,5,4,3
1840,01,lh-inferiorparietal,0.06666666666666667,-0.6180700462007377,0.13333333333333333,0.6936162840607785,Mutual + Linear-SVM,unconscious,unconscious,False,Image,False,2,1,5,8
1841,01,lh-inferiorparietal,0.25,-0.42289003161103106,0.15384615384615383,0.6852129205944488,Mutual + Linear-SVM,unconscious,unconscious,False,Image,False,4,1,5,6
1842,01,lh-inferiorparietal,0.56,-0.03268602252303067,0.5185185185185186,0.7234699182347231,Mutual + Linear-SVM,unconscious,unconscious,False,Image,False,5,7,8,5
1843,01,lh-inferiorparietal,0.6000000000000001,0.2041241452319315,0.5555555555555556,0.6962619926640335,Mutual + Linear-SVM,unconscious,unconscious,False,Image,False,7,5,5,3
1844,01,lh-inferiorparietal,0.4,-0.31622776601683794,0.18181818181818182,0.6562010424460097,Mutual + Linear-SVM,unconscious,unconscious,False,Image,False,4,1,3,6
1845,01,lh-inferiorparietal,0.12000000000000001,-0.5773502691896257,0.14285714285714285,0.672395810892302,Mutual + Linear-SVM,unconscious,unconscious,False,Image,False,2,1,4,8
1846,01,lh-inferiorparietal,0.2833333333333333,-0.16265001215808886,0.30769230769230765,0.6796065606513022,Mutual + Linear-SVM,unconscious,unconscious,False,Image,False,5,2,4,5
1847,01,lh-inferiorparietal,0.4625,-0.025482359571881278,0.39999999999999997,0.6976614516593818,Mutual + Linear-SVM,unconscious,unconscious,False,Image,False,6,3,5,4
1848,01,lh-inferiorparietal,0.29333333333333333,-0.3333333333333333,0.32,0.7310008414609648,Mutual + Linear-SVM,unconscious,unconscious,False,Image,False,4,4,11,6
1849,01,lh-inferiorparietal,0.35,-0.4666666666666667,0.25,0.6780499878253704,Mutual + Linear-SVM,unconscious,unconscious,False,Image,False,2,2,4,8
1850,01,lh-inferiorparietal,0.55,0.0,0.4444444444444445,0.6968283462438504,Mutual + Linear-SVM,unconscious,unconscious,False,Image,False,6,4,6,4
1851,01,lh-inferiorparietal,0.325,-0.2548235957188128,0.26666666666666666,0.6935752036680448,Mutual + Linear-SVM,unconscious,unconscious,False,Image,False,5,2,6,5
1852,01,lh-inferiorparietal,0.6333333333333333,0.09759000729485331,0.4615384615384615,0.6695744576011355,Mutual + Linear-SVM,unconscious,unconscious,False,Image,False,6,3,3,4
1853,01,lh-inferiorparietal,0.5,0.0,0.0,0.6306171907133199,Mutual + Linear-SVM,unconscious,unconscious,False,Image,False,10,0,2,0
1854,01,lh-inferiorparietal,0.6625,0.325,0.625,0.6855832419963955,Mutual + Linear-SVM,unconscious,unconscious,False,Image,False,7,5,3,3
1855,01,lh-inferiorparietal,0.5800000000000001,0.35355339059327373,0.5,0.6621396082745625,Mutual + Linear-SVM,unconscious,unconscious,False,Image,False,9,2,3,1
1856,01,lh-inferiorparietal,0.49090909090909096,-0.045454545454545456,0.47619047619047616,0.7078113797176501,Mutual + Linear-SVM,unconscious,unconscious,False,Image,False,5,5,6,5
1857,01,lh-inferiorparietal,0.4,-0.325,0.33333333333333326,0.6912710709005094,Mutual + Linear-SVM,unconscious,unconscious,False,Image,False,3,3,5,7
1858,01,lh-inferiorparietal,0.16,-0.472455591261534,0.15384615384615385,0.6705378188034755,Mutual + Linear-SVM,unconscious,unconscious,False,Image,False,3,1,4,7
1859,01,lh-inferiorparietal,0.28,-0.472455591261534,0.15384615384615385,0.6688692783767274,Mutual + Linear-SVM,unconscious,unconscious,False,Image,False,3,1,4,7
1860,01,lh-inferiorparietal,0.45,0.0,0.4444444444444445,0.7080466435272049,Mutual + Linear-SVM,unconscious,unconscious,False,Image,False,6,4,6,4
1861,01,lh-inferiorparietal,0.3333333333333333,-0.2581988897471611,0.28571428571428575,0.6771676651678114,Mutual + Linear-SVM,unconscious,unconscious,False,Image,False,4,2,4,6
1862,01,lh-inferiorparietal,0.2375,-0.575,0.125,0.7023585086752981,Mutual + Linear-SVM,unconscious,unconscious,False,Image,False,3,1,7,7
1863,01,lh-inferiorparietal,0.5,0.19364916731037085,0.3333333333333333,0.6585426209951878,Mutual + Linear-SVM,unconscious,unconscious,False,Image,False,9,1,3,1
1864,01,lh-inferiorparietal,0.4666666666666667,0.044946657497549475,0.47058823529411764,0.6979758711799577,Mutual + Linear-SVM,unconscious,unconscious,False,Image,False,6,4,5,4
1865,01,lh-inferiorparietal,0.7250000000000001,0.325,0.625,0.6810052901931573,Mutual + Linear-SVM,unconscious,unconscious,False,Image,False,7,5,3,3
1866,01,lh-inferiorparietal,0.55,-0.05,0.25,0.6554495653126822,Mutual + Linear-SVM,unconscious,unconscious,False,Image,False,7,1,3,3
1867,01,lh-inferiorparietal,0.24,-0.37796447300922725,0.16666666666666666,0.6675712984340677,Mutual + Linear-SVM,unconscious,unconscious,False,Image,False,4,1,4,6
1868,01,lh-inferiorparietal,0.7285714285714286,0.3825184261187248,0.6153846153846153,0.6735969220345746,Mutual + Linear-SVM,unconscious,unconscious,False,Image,False,8,4,3,2
1869,01,lh-inferiorparietal,0.32857142857142857,-0.21428571428571427,0.2857142857142857,0.6974106886623301,Mutual + Linear-SVM,unconscious,unconscious,False,Image,False,5,2,5,5
1870,01,lh-inferiorparietal,0.23636363636363636,-0.42727272727272725,0.28571428571428564,0.7197531151027285,Mutual + Linear-SVM,unconscious,unconscious,False,Image,False,3,3,8,7
1871,01,lh-inferiorparietal,0.31666666666666665,-0.4666666666666667,0.25,0.6840540842072109,Mutual + Linear-SVM,unconscious,unconscious,False,Image,False,2,2,4,8
1872,01,lh-inferiorparietal,0.21999999999999997,-0.472455591261534,0.15384615384615385,0.6715958368645486,Mutual + Linear-SVM,unconscious,unconscious,False,Image,False,3,1,4,7
1873,01,lh-inferiorparietal,0.875,0.375,0.5,0.6268358961617824,Mutual + Linear-SVM,unconscious,unconscious,False,Image,False,7,1,1,1
1874,01,lh-inferiorparietal,0.421875,-0.1259881576697424,0.39999999999999997,0.7076867544815697,Mutual + Linear-SVM,unconscious,unconscious,False,Image,False,4,3,5,4
1875,01,lh-inferiorparietal,0.41346153846153844,-0.19230769230769232,0.380952380952381,0.7530441606172239,Mutual + Linear-SVM,unconscious,unconscious,False,Image,False,4,4,9,4
1876,01,lh-inferiorparietal,0.7638888888888888,0.4166666666666667,0.7058823529411765,0.6987784688637971,Mutual + Linear-SVM,unconscious,unconscious,False,Image,False,6,6,3,2
1877,01,lh-inferiorparietal,0.1875,-0.5,0.0,0.6336700108930186,Mutual + Linear-SVM,unconscious,unconscious,False,Image,False,3,0,2,5
1878,01,lh-inferiorparietal,0.7500000000000001,0.5006939628599933,0.6666666666666665,0.6625346891999826,Mutual + Linear-SVM,unconscious,unconscious,False,Image,False,7,3,2,1
1879,01,lh-inferiorparietal,0.46875,-0.1259881576697424,0.39999999999999997,0.6989432382731358,Mutual + Linear-SVM,unconscious,unconscious,False,Image,False,4,3,5,4
1880,01,lh-inferiorparietal,0.275,-0.3,0.20000000000000004,0.6747434614492711,Mutual + Linear-SVM,unconscious,unconscious,False,Image,False,4,1,4,4
1881,01,lh-inferiorparietal,0.671875,0.1259881576697424,0.5333333333333333,0.6847629507608244,Mutual + Linear-SVM,unconscious,unconscious,False,Image,False,5,4,4,3
1882,01,lh-inferiorparietal,0.625,0.18055555555555555,0.5882352941176471,0.6986390199621535,Mutual + Linear-SVM,unconscious,unconscious,False,Image,False,5,5,4,3
1883,01,lh-inferiorparietal,0.4464285714285714,-0.19642857142857142,0.39999999999999997,0.6987118789728882,Mutual + Linear-SVM,unconscious,unconscious,False,Image,False,3,3,4,5
1884,01,lh-inferiorparietal,0.5,0.125,0.5,0.682929867037684,Mutual + Linear-SVM,unconscious,unconscious,False,Image,False,5,3,3,3
1885,01,lh-inferiorparietal,0.7159090909090909,0.2584432806109095,0.6666666666666666,0.7117875416003062,Mutual + Linear-SVM,unconscious,unconscious,False,Image,False,5,7,4,3
1886,01,lh-inferiorparietal,0.7250000000000001,0.5006939628599933,0.6666666666666665,0.6615880446013123,Mutual + Linear-SVM,unconscious,unconscious,False,Image,False,7,3,2,1
1887,01,lh-inferiorparietal,0.6944444444444444,0.18055555555555555,0.5882352941176471,0.6944912267287237,Mutual + Linear-SVM,unconscious,unconscious,False,Image,False,5,5,4,3
1888,01,lh-inferiorparietal,0.20833333333333334,-0.4583333333333333,0.16666666666666666,0.6921907236677024,Mutual + Linear-SVM,unconscious,unconscious,False,Image,False,3,1,5,5
1889,01,lh-inferiorparietal,0.5416666666666667,0.125,0.5,0.6817397529234689,Mutual + Linear-SVM,unconscious,unconscious,False,Image,False,5,3,3,3
1890,01,lh-inferiorparietal,0.65,0.15096490996388545,0.6153846153846153,0.7378771468218781,Mutual + Linear-SVM,unconscious,unconscious,False,Image,False,5,8,7,3
1891,01,lh-inferiorparietal,0.7125,0.22360679774997896,0.631578947368421,0.7028051814016288,Mutual + Linear-SVM,unconscious,unconscious,False,Image,False,5,6,4,3
1892,01,lh-inferiorparietal,0.71875,0.25,0.5,0.6530665421364492,Mutual + Linear-SVM,unconscious,unconscious,False,Image,False,6,2,2,2
1893,01,lh-inferiorparietal,0.275,-0.4147575310031266,0.1818181818181818,0.6859492600373976,Mutual + Linear-SVM,unconscious,unconscious,False,Image,False,3,1,4,5
1894,01,lh-inferiorparietal,0.6041666666666667,0.0,0.4615384615384615,0.6777088364421856,Mutual + Linear-SVM,unconscious,unconscious,False,Image,False,4,3,3,4
1895,01,lh-inferiorparietal,0.46875,-0.1259881576697424,0.39999999999999997,0.7119180473516089,Mutual + Linear-SVM,unconscious,unconscious,False,Image,False,4,3,5,4
1896,01,lh-inferiorparietal,0.45,0.03178208630818641,0.5925925925925926,0.7456726658744685,Mutual + Linear-SVM,unconscious,unconscious,False,Image,False,4,8,7,4
1897,01,lh-inferiorparietal,0.6041666666666667,0.28867513459481287,0.6153846153846153,0.6810805391145592,Mutual + Linear-SVM,unconscious,unconscious,False,Image,False,5,4,2,3
1898,01,lh-inferiorparietal,0.6375,0.22360679774997896,0.631578947368421,0.7068632513038384,Mutual + Linear-SVM,unconscious,unconscious,False,Image,False,5,6,4,3
1899,01,lh-inferiorparietal,0.546875,0.2581988897471611,0.5714285714285715,0.6991082597259057,Mutual + Linear-SVM,unconscious,unconscious,False,Image,False,6,4,4,2
1900,01,lh-inferiorparietal,0.7708333333333334,0.28867513459481287,0.6153846153846153,0.6728244357934885,Mutual + Linear-SVM,unconscious,unconscious,False,Image,False,5,4,2,3
1901,01,lh-inferiorparietal,0.6875,0.0,0.28571428571428575,0.6260383256346536,Mutual + Linear-SVM,unconscious,unconscious,False,Image,False,4,1,1,4
1902,01,lh-inferiorparietal,0.6875,0.2581988897471611,0.5714285714285715,0.6892745078167037,Mutual + Linear-SVM,unconscious,unconscious,False,Image,False,6,4,4,2
1903,01,lh-inferiorparietal,0.775,0.35,0.6,0.659143036232951,Mutual + Linear-SVM,unconscious,unconscious,False,Image,False,6,3,2,2
1904,01,lh-inferiorparietal,0.40909090909090906,-0.2584432806109095,0.39999999999999997,0.7362921094342932,Mutual + Linear-SVM,unconscious,unconscious,False,Image,False,3,4,7,5
1905,01,lh-inferiorparietal,0.453125,-0.1259881576697424,0.39999999999999997,0.7167713829931623,Mutual + Linear-SVM,unconscious,unconscious,False,Image,False,4,3,5,4
1906,01,lh-inferiorparietal,0.55,0.15811388300841897,0.4444444444444445,0.6698984535218445,Mutual + Linear-SVM,unconscious,unconscious,False,Image,False,6,2,3,2
1907,01,lh-inferiorparietal,0.975,0.8432740427115678,0.888888888888889,0.6639243021697806,Mutual + Linear-SVM,unconscious,unconscious,False,Image,False,8,4,1,0
1908,01,lh-inferiorparietal,0.5625,0.025482359571881278,0.47058823529411764,0.7153876377798517,Mutual + Linear-SVM,unconscious,unconscious,False,Image,False,5,4,6,3
1909,01,lh-inferiorparietal,0.41666666666666663,-0.16666666666666666,0.3333333333333333,0.6852134000437784,Mutual + Linear-SVM,unconscious,unconscious,False,Image,False,4,2,4,4
1910,01,lh-inferiorparietal,0.625,0.2581988897471611,0.5714285714285715,0.6936771970947109,Mutual + Linear-SVM,unconscious,unconscious,False,Image,False,6,4,4,2
1911,01,lh-inferiorparietal,0.59375,0.0,0.4,0.6524758804543793,Mutual + Linear-SVM,unconscious,unconscious,False,Image,False,4,2,2,4
1912,01,lh-inferiorparietal,0.5972222222222222,0.18055555555555555,0.5882352941176471,0.7015709821572766,Mutual + Linear-SVM,unconscious,unconscious,False,Image,False,5,5,4,3
1913,01,lh-inferiorparietal,0.796875,0.629940788348712,0.7999999999999999,0.6780704118759103,Mutual + Linear-SVM,unconscious,unconscious,False,Image,False,7,6,2,1
1914,01,lh-inferiorparietal,0.96875,0.816496580927726,0.8571428571428571,0.6531057774257846,Mutual + Linear-SVM,unconscious,unconscious,False,Image,False,8,3,1,0
1915,01,lh-inferiorparietal,0.47500000000000003,-0.09759000729485333,0.3636363636363636,0.674944684102141,Mutual + Linear-SVM,unconscious,unconscious,False,Image,False,4,2,3,4
1916,01,lh-inferiorparietal,0.8571428571428571,0.600099198148979,0.7692307692307692,0.6627032449205543,Mutual + Linear-SVM,unconscious,unconscious,False,Image,False,7,5,2,1
1917,01,lh-inferiorparietal,0.375,-0.07142857142857142,0.42857142857142855,0.7217154468383182,Mutual + Linear-SVM,unconscious,unconscious,False,Image,False,4,3,4,4
1918,01,lh-inferiorparietal,0.5454545454545455,0.07954545454545454,0.5263157894736842,0.7203197263272462,Mutual + Linear-SVM,unconscious,unconscious,False,Image,False,5,5,6,3
1919,01,lh-inferiorparietal,0.43749999999999994,0.09128709291752768,0.4,0.6925635185988243,Mutual + Linear-SVM,unconscious,unconscious,False,Image,False,6,2,4,2
1920,01,lh-inferiorparietal,0.55,0.025,0.4000000000000001,0.6708107289658667,Mutual + Linear-SVM,unconscious,unconscious,False,Image,False,5,2,3,3
1921,01,lh-inferiorparietal,0.5,-0.04303314829119352,0.25,0.6378135562421551,Mutual + Linear-SVM,unconscious,unconscious,False,Image,False,4,1,1,5
1922,01,lh-inferiorparietal,0.2638888888888889,-0.2030905986149808,0.28571428571428575,0.7194292658846961,Mutual + Linear-SVM,unconscious,unconscious,False,Image,False,5,2,6,4
1923,01,lh-inferiorparietal,0.35897435897435903,-0.16878989451394444,0.4347826086956522,0.7399160313570807,Mutual + Linear-SVM,unconscious,unconscious,False,Image,False,4,5,8,5
1924,01,lh-inferiorparietal,0.49382716049382713,0.0,0.47058823529411764,0.699768893478041,Mutual + Linear-SVM,unconscious,unconscious,False,Image,False,5,4,5,4
1925,01,lh-inferiorparietal,0.2222222222222222,-0.43033148291193524,0.0,0.6546381199706018,Mutual + Linear-SVM,unconscious,unconscious,False,Image,False,4,0,2,5
1926,01,lh-inferiorparietal,0.6444444444444445,0.14907119849998599,0.5,0.6650272218474701,Mutual + Linear-SVM,unconscious,unconscious,False,Image,False,5,3,2,4
1927,01,lh-inferiorparietal,0.3472222222222222,-0.2916666666666667,0.35294117647058826,0.7061998032222304,Mutual + Linear-SVM,unconscious,unconscious,False,Image,False,3,3,5,6
1928,01,lh-inferiorparietal,0.6222222222222222,0.14907119849998599,0.5,0.6639025503367513,Mutual + Linear-SVM,unconscious,unconscious,False,Image,False,5,3,2,4
1929,01,lh-inferiorparietal,0.6111111111111112,0.18055555555555555,0.5882352941176471,0.6878401766493384,Mutual + Linear-SVM,unconscious,unconscious,False,Image,False,5,5,3,4
1930,01,lh-inferiorparietal,0.3950617283950617,-0.11396057645963795,0.375,0.7117498815425852,Mutual + Linear-SVM,unconscious,unconscious,False,Image,False,5,3,6,4
1931,01,lh-inferiorparietal,0.34920634920634924,-0.2698412698412698,0.2857142857142857,0.7040606314548781,Mutual + Linear-SVM,unconscious,unconscious,False,Image,False,4,2,5,5
1932,01,lh-inferiorparietal,0.2222222222222222,-0.32732683535398854,0.28571428571428575,0.6971511902597762,Mutual + Linear-SVM,unconscious,unconscious,False,Image,False,3,2,4,6
1933,01,lh-inferiorparietal,0.24242424242424238,-0.28721347895177635,0.3157894736842105,0.7243636493771818,Mutual + Linear-SVM,unconscious,unconscious,False,Image,False,4,3,8,5
1934,01,lh-inferiorparietal,0.6444444444444445,0.25819888974716115,0.5454545454545454,0.6691989556467263,Mutual + Linear-SVM,unconscious,unconscious,False,Image,False,6,3,2,3
1935,01,lh-inferiorparietal,0.45679012345679015,0.11396057645963795,0.5,0.6992407583470086,Mutual + Linear-SVM,unconscious,unconscious,False,Image,False,6,4,5,3
1936,01,lh-inferiorparietal,0.11111111111111112,-0.600099198148979,0.14285714285714288,0.7041764526328779,Mutual + Linear-SVM,unconscious,unconscious,False,Image,False,2,1,5,7
1937,01,lh-inferiorparietal,0.2222222222222222,-0.21821789023599236,0.30769230769230765,0.7026162074571289,Mutual + Linear-SVM,unconscious,unconscious,False,Image,False,4,2,4,5
1938,01,lh-inferiorparietal,0.5481481481481482,0.021591675854376522,0.5384615384615385,0.7275829712337973,Mutual + Linear-SVM,unconscious,unconscious,False,Image,False,5,7,8,4
1939,01,lh-inferiorparietal,0.4444444444444444,-0.044946657497549475,0.4444444444444445,0.7090480874600811,Mutual + Linear-SVM,unconscious,unconscious,False,Image,False,5,4,6,4
1940,01,lh-inferiorparietal,0.4722222222222222,-0.18446619684315546,0.22222222222222224,0.659029901554804,Mutual + Linear-SVM,unconscious,unconscious,False,Image,False,5,1,3,4
1941,01,lh-inferiorparietal,0.15555555555555559,-0.5594309277855158,0.15384615384615385,0.7008196286143652,Mutual + Linear-SVM,unconscious,unconscious,False,Image,False,2,1,4,7
1942,01,lh-inferiorparietal,0.2962962962962963,-0.1111111111111111,0.3333333333333333,0.6887556004711958,Mutual + Linear-SVM,unconscious,unconscious,False,Image,False,5,2,4,4
1943,01,lh-inferiorparietal,0.29166666666666674,-0.408491223118783,0.33333333333333326,0.7262013948153806,Mutual + Linear-SVM,unconscious,unconscious,False,Image,False,2,3,5,7
1944,01,lh-inferiorparietal,0.2518518518518518,-0.21821789023599236,0.4,0.7566849356898498,Mutual + Linear-SVM,unconscious,unconscious,False,Image,False,4,5,10,5
1945,01,lh-inferiorparietal,0.25925925925925924,-0.32732683535398854,0.28571428571428575,0.6884209796454323,Mutual + Linear-SVM,unconscious,unconscious,False,Image,False,3,2,4,6
1946,01,lh-inferiorparietal,0.4777777777777778,0.06900655593423542,0.47058823529411764,0.7048043686899037,Mutual + Linear-SVM,unconscious,unconscious,False,Image,False,6,4,6,3
1947,01,lh-inferiorparietal,0.4027777777777778,-0.18055555555555555,0.375,0.6976432045298293,Mutual + Linear-SVM,unconscious,unconscious,False,Image,False,4,3,5,5
1948,01,lh-inferiorparietal,0.5185185185185185,0.05455447255899809,0.4615384615384615,0.6768814972322322,Mutual + Linear-SVM,unconscious,unconscious,False,Image,False,5,3,3,4
1949,01,lh-inferiorparietal,0.5,0.0,0.0,0.6421853182997672,Mutual + Linear-SVM,unconscious,unconscious,False,Image,False,9,0,2,0
1950,01,lh-inferiorparietal,0.5416666666666667,0.2916666666666667,0.625,0.6905907313169319,Mutual + Linear-SVM,unconscious,unconscious,False,Image,False,6,5,3,3
1951,01,lh-inferiorparietal,0.5555555555555556,0.3373495424699933,0.5,0.669046688725361,Mutual + Linear-SVM,unconscious,unconscious,False,Image,False,8,2,3,1
1952,01,lh-inferiorparietal,0.2828282828282828,-0.1919191919191919,0.39999999999999997,0.7294142788821306,Mutual + Linear-SVM,unconscious,unconscious,False,Image,False,4,4,7,5
1953,01,lh-inferiorparietal,0.3472222222222222,-0.3098898934004561,0.26666666666666666,0.7132819594122369,Mutual + Linear-SVM,unconscious,unconscious,False,Image,False,4,2,6,5
1954,01,lh-inferiorparietal,0.22222222222222227,-0.4472135954999579,0.16666666666666666,0.6747762964685168,Mutual + Linear-SVM,unconscious,unconscious,False,Image,False,3,1,4,6
1955,01,lh-inferiorparietal,0.24444444444444446,-0.34426518632954817,0.1818181818181818,0.67668938122784,Mutual + Linear-SVM,unconscious,unconscious,False,Image,False,4,1,4,5
1956,01,lh-inferiorparietal,0.2888888888888889,-0.03580574370197164,0.37499999999999994,0.7238856636255891,Mutual + Linear-SVM,unconscious,unconscious,False,Image,False,6,3,7,3
1957,01,lh-inferiorparietal,0.38888888888888895,-0.1111111111111111,0.3333333333333333,0.685866336254911,Mutual + Linear-SVM,unconscious,unconscious,False,Image,False,5,2,4,4
1958,01,lh-inferiorparietal,0.37500000000000006,-0.07042952122737638,0.39999999999999997,0.6993852483821972,Mutual + Linear-SVM,unconscious,unconscious,False,Image,False,5,3,5,4
1959,01,lh-inferiorparietal,0.5555555555555556,-0.15811388300841897,0.3333333333333333,0.6544341525931808,Mutual + Linear-SVM,unconscious,unconscious,False,Image,False,3,2,2,6
1960,01,lh-inferiorparietal,0.32098765432098764,-0.22360679774997896,0.35294117647058826,0.7118404950487732,Mutual + Linear-SVM,unconscious,unconscious,False,Image,False,4,3,6,5
1961,01,lh-inferiorparietal,0.6111111111111112,0.05555555555555555,0.5,0.6851042213948043,Mutual + Linear-SVM,unconscious,unconscious,False,Image,False,5,4,4,4
1962,01,lh-inferiorparietal,0.5833333333333333,0.15811388300841897,0.4444444444444445,0.6545772182481608,Mutual + Linear-SVM,unconscious,unconscious,False,Image,False,6,2,2,3
1963,01,lh-inferiorparietal,0.24444444444444444,-0.34426518632954817,0.1818181818181818,0.6842474199820102,Mutual + Linear-SVM,unconscious,unconscious,False,Image,False,4,1,4,5
1964,01,lh-inferiorparietal,0.6984126984126984,0.3578300267477955,0.6153846153846153,0.6740013942402898,Mutual + Linear-SVM,unconscious,unconscious,False,Image,False,7,4,3,2
1965,01,lh-inferiorparietal,0.20634920634920637,-0.3779644730092272,0.26666666666666666,0.7379974144132397,Mutual + Linear-SVM,unconscious,unconscious,False,Image,False,3,2,5,6
1966,01,lh-inferiorparietal,0.40404040404040403,-0.08206099398622181,0.4210526315789474,0.7165400147087345,Mutual + Linear-SVM,unconscious,unconscious,False,Image,False,5,4,7,4
1967,01,lh-inferiorparietal,0.31481481481481477,-0.21821789023599236,0.30769230769230765,0.7168453229991845,Mutual + Linear-SVM,unconscious,unconscious,False,Image,False,4,2,4,5
1968,01,lh-inferiorparietal,0.3777777777777778,-0.37777777777777777,0.2857142857142857,0.676065568812462,Mutual + Linear-SVM,unconscious,unconscious,False,Image,False,2,2,3,7
1969,01,lh-inferiorparietal,0.9,0.3,0.5,0.6359098783420235,Mutual + Linear-SVM,unconscious,unconscious,False,Image,False,4,1,1,1
1970,01,lh-inferiorparietal,0.55,0.09759000729485333,0.5714285714285715,0.730317703008809,Mutual + Linear-SVM,unconscious,unconscious,False,Image,False,3,4,4,2
1971,01,lh-inferiorparietal,0.5384615384615385,0.1941450686788302,0.6956521739130435,0.7716772261920328,Mutual + Linear-SVM,unconscious,unconscious,False,Image,False,3,8,5,2
1972,01,lh-inferiorparietal,0.6666666666666666,0.025949964805384102,0.3333333333333333,0.7226035602904485,Mutual + Linear-SVM,unconscious,unconscious,False,Image,False,4,2,7,1
1973,01,lh-inferiorparietal,0.4,-0.4,0.0,0.6477319111483153,Mutual + Linear-SVM,unconscious,unconscious,False,Image,False,3,0,2,2
1974,01,lh-inferiorparietal,0.72,0.408248290463863,0.6666666666666665,0.6876560673540008,Mutual + Linear-SVM,unconscious,unconscious,False,Image,False,4,3,2,1
1975,01,lh-inferiorparietal,0.55,0.21957751641341997,0.6666666666666666,0.7277623177931556,Mutual + Linear-SVM,unconscious,unconscious,False,Image,False,3,5,3,2
1976,01,lh-inferiorparietal,0.6,0.0,0.4444444444444445,0.6969864377321126,Mutual + Linear-SVM,unconscious,unconscious,False,Image,False,3,2,3,2
1977,01,lh-inferiorparietal,0.775,0.3,0.6153846153846154,0.7099177461594018,Mutual + Linear-SVM,unconscious,unconscious,False,Image,False,4,4,4,1
1978,01,lh-inferiorparietal,0.6666666666666666,0.34426518632954817,0.6666666666666667,0.7175376598096184,Mutual + Linear-SVM,unconscious,unconscious,False,Image,False,4,5,4,1
1979,01,lh-inferiorparietal,0.48571428571428565,0.02857142857142857,0.5,0.7311126897379085,Mutual + Linear-SVM,unconscious,unconscious,False,Image,False,3,3,4,2
1980,01,lh-inferiorparietal,0.6666666666666667,0.1,0.5454545454545454,0.71012543013531,Mutual + Linear-SVM,unconscious,unconscious,False,Image,False,3,3,3,2
1981,01,lh-inferiorparietal,0.4909090909090909,0.050964719143762556,0.5555555555555556,0.7540396140979257,Mutual + Linear-SVM,unconscious,unconscious,False,Image,False,3,5,6,2
1982,01,lh-inferiorparietal,0.88,0.408248290463863,0.6666666666666665,0.6861366339036385,Mutual + Linear-SVM,unconscious,unconscious,False,Image,False,4,3,2,1
1983,01,lh-inferiorparietal,0.6666666666666666,0.24444444444444444,0.5714285714285714,0.726214520890663,Mutual + Linear-SVM,unconscious,unconscious,False,Image,False,4,4,5,1
1984,01,lh-inferiorparietal,0.3,-0.2608745973749754,0.2222222222222222,0.729465418142394,Mutual + Linear-SVM,unconscious,unconscious,False,Image,False,3,1,5,2
1985,01,lh-inferiorparietal,0.33333333333333326,-0.26666666666666666,0.3636363636363636,0.7316431237664932,Mutual + Linear-SVM,unconscious,unconscious,False,Image,False,2,2,4,3
1986,01,lh-inferiorparietal,0.5733333333333334,0.058025885318565944,0.5833333333333334,0.7676783567952274,Mutual + Linear-SVM,unconscious,unconscious,False,Image,False,3,7,8,2
1987,01,lh-inferiorparietal,0.6599999999999999,0.10660035817780521,0.4285714285714285,0.7353805175829763,Mutual + Linear-SVM,unconscious,unconscious,False,Image,False,4,3,7,1
1988,01,lh-inferiorparietal,0.75,0.31622776601683794,0.5714285714285715,0.6747228786078362,Mutual + Linear-SVM,unconscious,unconscious,False,Image,False,4,2,2,1
1989,01,lh-inferiorparietal,0.48,0.0,0.4444444444444445,0.71624205237899,Mutual + Linear-SVM,unconscious,unconscious,False,Image,False,3,2,3,2
1990,01,lh-inferiorparietal,0.5,-0.06900655593423542,0.4,0.7147641499023745,Mutual + Linear-SVM,unconscious,unconscious,False,Image,False,3,2,4,2
1991,01,lh-inferiorparietal,0.575,0.3,0.6153846153846154,0.7257498723911883,Mutual + Linear-SVM,unconscious,unconscious,False,Image,False,4,4,4,1
1992,01,lh-inferiorparietal,0.4,-0.060522753266880246,0.4545454545454545,0.7826350241238366,Mutual + Linear-SVM,unconscious,unconscious,False,Image,False,3,5,10,2
1993,01,lh-inferiorparietal,0.6333333333333333,0.1,0.5454545454545454,0.7076580375842183,Mutual + Linear-SVM,unconscious,unconscious,False,Image,False,3,3,3,2
1994,01,lh-inferiorparietal,0.7,0.37796447300922725,0.7058823529411764,0.7298364324281338,Mutual + Linear-SVM,unconscious,unconscious,False,Image,False,4,6,4,1
1995,01,lh-inferiorparietal,0.5999999999999999,0.09759000729485333,0.5714285714285715,0.7263794418916443,Mutual + Linear-SVM,unconscious,unconscious,False,Image,False,3,4,4,2
1996,01,lh-inferiorparietal,0.8666666666666667,0.4666666666666667,0.7272727272727272,0.6956472590799223,Mutual + Linear-SVM,unconscious,unconscious,False,Image,False,4,4,2,1
1997,01,lh-inferiorparietal,0.8,0.3,0.5,0.6289670803594524,Mutual + Linear-SVM,unconscious,unconscious,False,Image,False,4,1,1,1
1998,01,lh-inferiorparietal,0.825,0.4147575310031266,0.7142857142857143,0.704972487168454,Mutual + Linear-SVM,unconscious,unconscious,False,Image,False,4,5,3,1
1999,01,lh-inferiorparietal,0.76,0.408248290463863,0.6666666666666665,0.6900279313229867,Mutual + Linear-SVM,unconscious,unconscious,False,Image,False,4,3,2,1
2000,01,lh-inferiorparietal,0.509090909090909,0.22084711628963774,0.7000000000000001,0.7586071490326092,Mutual + Linear-SVM,unconscious,unconscious,False,Image,False,3,7,4,2
2001,01,lh-inferiorparietal,0.45,-0.025,0.4615384615384615,0.7398602940813183,Mutual + Linear-SVM,unconscious,unconscious,False,Image,False,3,3,5,2
2002,01,lh-inferiorparietal,0.48000000000000004,-0.2182178902359924,0.25,0.7003089417195807,Mutual + Linear-SVM,unconscious,unconscious,False,Image,False,3,1,4,2
2003,01,lh-inferiorparietal,0.76,0.408248290463863,0.6666666666666665,0.6939300447934631,Mutual + Linear-SVM,unconscious,unconscious,False,Image,False,4,3,2,1
2004,01,lh-inferiorparietal,0.48000000000000004,0.0,0.5,0.7461096990423872,Mutual + Linear-SVM,unconscious,unconscious,False,Image,False,3,4,6,2
2005,01,lh-inferiorparietal,0.7333333333333333,0.3105295017040594,0.6,0.7018797160559836,Mutual + Linear-SVM,unconscious,unconscious,False,Image,False,4,3,3,1
2006,01,lh-inferiorparietal,0.7749999999999999,0.4147575310031266,0.7142857142857143,0.7123532309042494,Mutual + Linear-SVM,unconscious,unconscious,False,Image,False,4,5,3,1
2007,01,lh-inferiorparietal,0.5499999999999999,0.1,0.5,0.679496666651029,Mutual + Linear-SVM,unconscious,unconscious,False,Image,False,3,2,2,2
2008,01,lh-inferiorparietal,0.6444444444444445,0.14907119849998599,0.6250000000000001,0.7304537491687808,Mutual + Linear-SVM,unconscious,unconscious,False,Image,False,3,5,4,2
2009,01,lh-inferiorparietal,0.725,0.4147575310031266,0.7142857142857143,0.6978840555094326,Mutual + Linear-SVM,unconscious,unconscious,False,Image,False,4,5,3,1
2010,01,lh-inferiorparietal,0.8,0.31622776601683794,0.5714285714285715,0.6708802563632352,Mutual + Linear-SVM,unconscious,unconscious,False,Image,False,4,2,2,1
2011,01,lh-inferiorparietal,0.56,0.0,0.4444444444444445,0.7012847927491249,Mutual + Linear-SVM,unconscious,unconscious,False,Image,False,3,2,3,2
2012,01,lh-inferiorparietal,0.8285714285714285,0.50709255283711,0.7692307692307692,0.6818950309620385,Mutual + Linear-SVM,unconscious,unconscious,False,Image,False,4,5,2,1
2013,01,lh-inferiorparietal,0.34285714285714286,-0.1690308509457033,0.4615384615384615,0.7601004970206935,Mutual + Linear-SVM,unconscious,unconscious,False,Image,False,2,3,4,3
2014,01,lh-inferiorparietal,0.6,0.22084711628963774,0.7000000000000001,0.7488483427646175,Mutual + Linear-SVM,unconscious,unconscious,False,Image,False,3,7,4,2
2015,01,lh-inferiorparietal,0.5333333333333333,-0.06900655593423542,0.4,0.7185389940675216,Mutual + Linear-SVM,unconscious,unconscious,False,Image,False,3,2,4,2
2016,01,lh-inferiorparietal,0.48,0.0,0.4444444444444445,0.7006226758077154,Mutual + Linear-SVM,unconscious,unconscious,False,Image,False,3,2,3,2
2017,01,lh-inferiorparietal,0.7500000000000001,0.3333333333333333,0.5,0.6416212400873371,Mutual + Linear-SVM,unconscious,unconscious,False,Image,False,5,1,1,1
2018,01,lh-inferiorparietal,0.20833333333333331,-0.5594309277855158,0.15384615384615385,0.7352537693974399,Mutual + Linear-SVM,unconscious,unconscious,False,Image,False,2,1,7,4
2019,01,lh-inferiorparietal,0.33333333333333337,-0.36539907432351754,0.2222222222222222,0.7673309465910825,Mutual + Linear-SVM,unconscious,unconscious,False,Image,False,3,2,11,3
2020,01,lh-inferiorparietal,0.4814814814814815,0.1111111111111111,0.5333333333333333,0.720081282856637,Mutual + Linear-SVM,unconscious,unconscious,False,Image,False,4,4,5,2
2021,01,lh-inferiorparietal,0.08333333333333331,-0.5773502691896258,0.0,0.6606855057316635,Mutual + Linear-SVM,unconscious,unconscious,False,Image,False,2,0,2,4
2022,01,lh-inferiorparietal,0.6333333333333333,0.06900655593423542,0.4444444444444445,0.6835207406142402,Mutual + Linear-SVM,unconscious,unconscious,False,Image,False,4,2,3,2
2023,01,lh-inferiorparietal,0.45833333333333337,-0.25819888974716115,0.3076923076923077,0.715684476636989,Mutual + Linear-SVM,unconscious,unconscious,False,Image,False,3,2,6,3
2024,01,lh-inferiorparietal,0.7,0.4485426135725303,0.6666666666666665,0.6813271307162115,Mutual + Linear-SVM,unconscious,unconscious,False,Image,False,5,3,2,1
2025,01,lh-inferiorparietal,0.4583333333333333,-0.28867513459481287,0.39999999999999997,0.7147712462568722,Mutual + Linear-SVM,unconscious,unconscious,False,Image,False,2,3,5,4
2026,01,lh-inferiorparietal,0.5555555555555556,0.21821789023599236,0.6250000000000001,0.7218559282603922,Mutual + Linear-SVM,unconscious,unconscious,False,Image,False,4,5,4,2
2027,01,lh-inferiorparietal,0.3571428571428571,-0.38095238095238093,0.30769230769230765,0.7190229873593716,Mutual + Linear-SVM,unconscious,unconscious,False,Image,False,2,2,5,4
2028,01,lh-inferiorparietal,0.3055555555555555,-0.50709255283711,0.1818181818181818,0.7092671033369756,Mutual + Linear-SVM,unconscious,unconscious,False,Image,False,2,1,5,4
2029,01,lh-inferiorparietal,0.4393939393939394,-0.13241022442571243,0.4444444444444444,0.7387756678564512,Mutual + Linear-SVM,unconscious,unconscious,False,Image,False,3,4,7,3
2030,01,lh-inferiorparietal,0.6333333333333333,0.5163977794943223,0.5714285714285715,0.6877021123807473,Mutual + Linear-SVM,unconscious,unconscious,False,Image,False,6,2,3,0
2031,01,lh-inferiorparietal,0.5740740740740741,0.1111111111111111,0.5333333333333333,0.7159395454519168,Mutual + Linear-SVM,unconscious,unconscious,False,Image,False,4,4,5,2
2032,01,lh-inferiorparietal,0.24999999999999994,-0.50709255283711,0.1818181818181818,0.7206132683863279,Mutual + Linear-SVM,unconscious,unconscious,False,Image,False,2,1,5,4
2033,01,lh-inferiorparietal,0.3055555555555555,-0.3535533905932738,0.2,0.7176833083271396,Mutual + Linear-SVM,unconscious,unconscious,False,Image,False,3,1,5,3
2034,01,lh-inferiorparietal,0.5666666666666667,0.18090680674665818,0.64,0.7526920715960025,Mutual + Linear-SVM,unconscious,unconscious,False,Image,False,4,8,7,2
2035,01,lh-inferiorparietal,0.5333333333333333,0.0,0.5555555555555556,0.725860069080954,Mutual + Linear-SVM,unconscious,unconscious,False,Image,False,3,5,5,3
2036,01,lh-inferiorparietal,0.3333333333333333,-0.25,0.25,0.6838368118700607,Mutual + Linear-SVM,unconscious,unconscious,False,Image,False,3,1,3,3
2037,01,lh-inferiorparietal,0.23333333333333334,-0.4666666666666667,0.20000000000000004,0.7110175011722222,Mutual + Linear-SVM,unconscious,unconscious,False,Image,False,2,1,4,4
2038,01,lh-inferiorparietal,0.3611111111111111,-0.1690308509457033,0.3636363636363636,0.7109927566763125,Mutual + Linear-SVM,unconscious,unconscious,False,Image,False,3,2,4,3
2039,01,lh-inferiorparietal,0.47916666666666674,0.04303314829119352,0.4615384615384615,0.7291267804547819,Mutual + Linear-SVM,unconscious,unconscious,False,Image,False,4,3,5,2
2040,01,lh-inferiorparietal,0.37777777777777777,-0.15504341823651058,0.43478260869565216,0.7694701822240996,Mutual + Linear-SVM,unconscious,unconscious,False,Image,False,3,5,10,3
2041,01,lh-inferiorparietal,0.38888888888888884,-0.3333333333333333,0.3333333333333333,0.7035320100554436,Mutual + Linear-SVM,unconscious,unconscious,False,Image,False,2,2,4,4
2042,01,lh-inferiorparietal,0.6499999999999999,0.2581988897471611,0.6666666666666665,0.7218282231140741,Mutual + Linear-SVM,unconscious,unconscious,False,Image,False,4,6,4,2
2043,01,lh-inferiorparietal,0.5625,0.16666666666666666,0.5714285714285715,0.7154514342073337,Mutual + Linear-SVM,unconscious,unconscious,False,Image,False,4,4,4,2
2044,01,lh-inferiorparietal,0.5833333333333333,0.1690308509457033,0.5454545454545454,0.6941896993671829,Mutual + Linear-SVM,unconscious,unconscious,False,Image,False,4,3,3,2
2045,01,lh-inferiorparietal,0.5833333333333333,-0.14907119849998599,0.28571428571428575,0.6369111562615617,Mutual + Linear-SVM,unconscious,unconscious,False,Image,False,2,1,1,4
2046,01,lh-inferiorparietal,0.7916666666666667,0.4583333333333333,0.7142857142857143,0.6986059150826103,Mutual + Linear-SVM,unconscious,unconscious,False,Image,False,5,5,3,1
2047,01,lh-inferiorparietal,0.5333333333333333,0.06900655593423542,0.4444444444444445,0.6875085567289486,Mutual + Linear-SVM,unconscious,unconscious,False,Image,False,4,2,3,2
2048,01,lh-inferiorparietal,0.4393939393939394,-0.13241022442571243,0.4444444444444444,0.7451508148125019,Mutual + Linear-SVM,unconscious,unconscious,False,Image,False,3,4,7,3
2049,01,lh-inferiorparietal,0.39583333333333326,-0.28867513459481287,0.39999999999999997,0.7352483246572661,Mutual + Linear-SVM,unconscious,unconscious,False,Image,False,2,3,5,4
2050,01,lh-inferiorparietal,0.3666666666666667,-0.3105295017040594,0.22222222222222224,0.6933326717422479,Mutual + Linear-SVM,unconscious,unconscious,False,Image,False,3,1,4,3
2051,01,lh-inferiorparietal,0.8333333333333334,0.6333333333333333,0.8000000000000002,0.6826108811654827,Mutual + Linear-SVM,unconscious,unconscious,False,Image,False,5,4,1,1
2052,01,lh-inferiorparietal,0.3333333333333333,-0.2,0.37499999999999994,0.7491629438264518,Mutual + Linear-SVM,unconscious,unconscious,False,Image,False,3,3,7,3
2053,01,lh-inferiorparietal,0.3055555555555555,-0.50709255283711,0.1818181818181818,0.7053014912505634,Mutual + Linear-SVM,unconscious,unconscious,False,Image,False,2,1,5,4
2054,01,lh-inferiorparietal,0.4375,-0.125,0.42857142857142855,0.7196330820983962,Mutual + Linear-SVM,unconscious,unconscious,False,Image,False,3,3,5,3
2055,01,lh-inferiorparietal,0.5,0.10206207261596577,0.3333333333333333,0.6831356383833354,Mutual + Linear-SVM,unconscious,unconscious,False,Image,False,5,1,3,1
2056,01,lh-inferiorparietal,0.46296296296296297,-0.16666666666666666,0.4,0.7261568363726749,Mutual + Linear-SVM,unconscious,unconscious,False,Image,False,3,3,6,3
2057,01,lh-inferiorparietal,0.5625,0.16666666666666666,0.5714285714285715,0.7039596013581562,Mutual + Linear-SVM,unconscious,unconscious,False,Image,False,4,4,4,2
2058,01,lh-inferiorparietal,0.5833333333333334,0.0,0.4444444444444445,0.6706275582530672,Mutual + Linear-SVM,unconscious,unconscious,False,Image,False,3,2,2,3
2059,01,lh-inferiorparietal,0.3,-0.4666666666666667,0.20000000000000004,0.699580967017896,Mutual + Linear-SVM,unconscious,unconscious,False,Image,False,2,1,4,4
2060,01,lh-inferiorparietal,0.7619047619047619,0.4147575310031266,0.6666666666666666,0.6865050040577453,Mutual + Linear-SVM,unconscious,unconscious,False,Image,False,5,4,3,1
2061,01,lh-inferiorparietal,0.23809523809523808,-0.38095238095238093,0.30769230769230765,0.7621683281922864,Mutual + Linear-SVM,unconscious,unconscious,False,Image,False,2,2,5,4
2062,01,lh-inferiorparietal,0.7727272727272727,0.6326266278117372,0.8571428571428572,0.7327872976564301,Mutual + Linear-SVM,unconscious,unconscious,False,Image,False,5,9,2,1
2063,01,lh-inferiorparietal,0.38888888888888884,-0.3333333333333333,0.3333333333333333,0.7171075814222899,Mutual + Linear-SVM,unconscious,unconscious,False,Image,False,2,2,4,4
2064,01,lh-inferiorparietal,0.39999999999999997,-0.26666666666666666,0.3636363636363636,0.6937640234682715,Mutual + Linear-SVM,unconscious,unconscious,False,Image,False,2,2,3,4
2065,01,lh-inferiorparietal,0.7,0.15811388300841897,0.3333333333333333,0.619467405572046,Mutual + Linear-SVM,unconscious,unconscious,False,Image,False,7,1,1,3
2066,01,lh-inferiorparietal,0.5125,-0.025482359571881278,0.39999999999999997,0.6944458447898978,Mutual + Linear-SVM,unconscious,unconscious,False,Image,False,6,3,5,4
2067,01,lh-inferiorparietal,0.5923076923076923,0.31298621848313535,0.6666666666666667,0.7196061521621181,Mutual + Linear-SVM,unconscious,unconscious,False,Image,False,7,8,5,3
2068,01,lh-inferiorparietal,0.7222222222222222,0.36666666666666664,0.6666666666666666,0.6801688799603356,Mutual + Linear-SVM,unconscious,unconscious,False,Image,False,7,6,3,3
2069,01,lh-inferiorparietal,0.5,-0.25819888974716115,0.0,0.6140013607992226,Mutual + Linear-SVM,unconscious,unconscious,False,Image,False,7,0,2,3
2070,01,lh-inferiorparietal,0.76,0.28867513459481287,0.5454545454545454,0.6500052009809784,Mutual + Linear-SVM,unconscious,unconscious,False,Image,False,7,3,2,3
2071,01,lh-inferiorparietal,0.5874999999999999,0.22360679774997896,0.5882352941176471,0.6790673609785449,Mutual + Linear-SVM,unconscious,unconscious,False,Image,False,6,5,3,4
2072,01,lh-inferiorparietal,0.76,0.4,0.6,0.6418991071336008,Mutual + Linear-SVM,unconscious,unconscious,False,Image,False,8,3,2,2
2073,01,lh-inferiorparietal,0.625,0.07905694150420949,0.42857142857142855,0.6729677304759335,Mutual + Linear-SVM,unconscious,unconscious,False,Image,False,7,3,5,3
2074,01,lh-inferiorparietal,0.6444444444444444,0.14951420452417674,0.5,0.6840382832413127,Mutual + Linear-SVM,unconscious,unconscious,False,Image,False,7,4,5,3
2075,01,lh-inferiorparietal,0.5857142857142856,0.1690308509457033,0.5333333333333333,0.6722131549410038,Mutual + Linear-SVM,unconscious,unconscious,False,Image,False,6,4,3,4
2076,01,lh-inferiorparietal,0.5333333333333333,0.09759000729485331,0.4615384615384615,0.6740507915227637,Mutual + Linear-SVM,unconscious,unconscious,False,Image,False,6,3,3,4
2077,01,lh-inferiorparietal,0.5818181818181818,0.14545454545454545,0.5714285714285713,0.7006326215305612,Mutual + Linear-SVM,unconscious,unconscious,False,Image,False,6,6,5,4
2078,01,lh-inferiorparietal,0.7199999999999999,0.4,0.6,0.6458770760423911,Mutual + Linear-SVM,unconscious,unconscious,False,Image,False,8,3,2,2
2079,01,lh-inferiorparietal,0.6333333333333333,0.2584432806109095,0.5882352941176471,0.6783760803157763,Mutual + Linear-SVM,unconscious,unconscious,False,Image,False,7,5,4,3
2080,01,lh-inferiorparietal,0.4666666666666667,0.09759000729485331,0.4615384615384615,0.6803974402506789,Mutual + Linear-SVM,unconscious,unconscious,False,Image,False,6,3,3,4
2081,01,lh-inferiorparietal,0.5666666666666667,0.09759000729485331,0.4615384615384615,0.6754155287557797,Mutual + Linear-SVM,unconscious,unconscious,False,Image,False,6,3,3,4
2082,01,lh-inferiorparietal,0.6733333333333333,0.3595462477533374,0.7142857142857142,0.7085803962880085,Mutual + Linear-SVM,unconscious,unconscious,False,Image,False,7,10,5,3
2083,01,lh-inferiorparietal,0.65,0.10482848367219183,0.47058823529411764,0.6865935732719503,Mutual + Linear-SVM,unconscious,unconscious,False,Image,False,7,4,6,3
2084,01,lh-inferiorparietal,0.65,-0.05,0.25,0.6451747167830616,Mutual + Linear-SVM,unconscious,unconscious,False,Image,False,7,1,3,3
2085,01,lh-inferiorparietal,0.5,0.0,0.3636363636363636,0.6676495418054721,Mutual + Linear-SVM,unconscious,unconscious,False,Image,False,6,2,3,4
2086,01,lh-inferiorparietal,0.5333333333333333,0.09759000729485331,0.4615384615384615,0.6783914402041249,Mutual + Linear-SVM,unconscious,unconscious,False,Image,False,6,3,3,4
2087,01,lh-inferiorparietal,0.5249999999999999,0.1,0.5,0.6880320408634903,Mutual + Linear-SVM,unconscious,unconscious,False,Image,False,6,4,4,4
2088,01,lh-inferiorparietal,0.5266666666666667,0.0657951694959769,0.5384615384615385,0.7298312277483667,Mutual + Linear-SVM,unconscious,unconscious,False,Image,False,6,7,8,4
2089,01,lh-inferiorparietal,0.6333333333333333,0.2,0.5,0.6657890314610261,Mutual + Linear-SVM,unconscious,unconscious,False,Image,False,7,3,3,3
2090,01,lh-inferiorparietal,0.62,0.30151134457776363,0.6666666666666666,0.6947253625225771,Mutual + Linear-SVM,unconscious,unconscious,False,Image,False,6,7,3,4
2091,01,lh-inferiorparietal,0.6,0.1,0.5,0.6772193255362784,Mutual + Linear-SVM,unconscious,unconscious,False,Image,False,6,4,4,4
2092,01,lh-inferiorparietal,0.7,0.2,0.5,0.654546614161859,Mutual + Linear-SVM,unconscious,unconscious,False,Image,False,7,3,3,3
2093,01,lh-inferiorparietal,0.7,0.07559289460184544,0.28571428571428575,0.6211047447126162,Mutual + Linear-SVM,unconscious,unconscious,False,Image,False,6,1,1,4
2094,01,lh-inferiorparietal,0.6625000000000001,0.325,0.625,0.6773666327391771,Mutual + Linear-SVM,unconscious,unconscious,False,Image,False,7,5,3,3
2095,01,lh-inferiorparietal,0.62,0.21320071635561041,0.4444444444444445,0.659342341785982,Mutual + Linear-SVM,unconscious,unconscious,False,Image,False,8,2,3,2
2096,01,lh-inferiorparietal,0.48181818181818176,0.05504818825631803,0.5,0.7136516225518902,Mutual + Linear-SVM,unconscious,unconscious,False,Image,False,6,5,6,4
2097,01,lh-inferiorparietal,0.48750000000000004,-0.125,0.375,0.6946512896928175,Mutual + Linear-SVM,unconscious,unconscious,False,Image,False,5,3,5,5
2098,01,lh-inferiorparietal,0.5,0.0,0.3636363636363636,0.6664930842966872,Mutual + Linear-SVM,unconscious,unconscious,False,Image,False,6,2,3,4
2099,01,lh-inferiorparietal,0.54,0.0,0.3636363636363636,0.6580822184222599,Mutual + Linear-SVM,unconscious,unconscious,False,Image,False,6,2,3,4
2100,01,lh-inferiorparietal,0.43000000000000005,-0.10050378152592121,0.4210526315789474,0.7169489495925908,Mutual + Linear-SVM,unconscious,unconscious,False,Image,False,5,4,6,5
2101,01,lh-inferiorparietal,0.5166666666666666,0.2,0.5,0.6710937453124728,Mutual + Linear-SVM,unconscious,unconscious,False,Image,False,7,3,3,3
2102,01,lh-inferiorparietal,0.6,0.1,0.5,0.683919260463821,Mutual + Linear-SVM,unconscious,unconscious,False,Image,False,6,4,4,4
2103,01,lh-inferiorparietal,0.65,0.18856180831641267,0.4444444444444445,0.6433625055319301,Mutual + Linear-SVM,unconscious,unconscious,False,Image,False,7,2,2,3
2104,01,lh-inferiorparietal,0.4111111111111111,-0.15555555555555556,0.4210526315789474,0.7170456847126151,Mutual + Linear-SVM,unconscious,unconscious,False,Image,False,4,4,5,6
2105,01,lh-inferiorparietal,0.7375,0.325,0.625,0.6622039024114049,Mutual + Linear-SVM,unconscious,unconscious,False,Image,False,7,5,3,3
2106,01,lh-inferiorparietal,0.75,0.18856180831641267,0.4444444444444445,0.6398342291617682,Mutual + Linear-SVM,unconscious,unconscious,False,Image,False,7,2,2,3
2107,01,lh-inferiorparietal,0.5,0.0,0.3636363636363636,0.6611673294580303,Mutual + Linear-SVM,unconscious,unconscious,False,Image,False,6,2,3,4
2108,01,lh-inferiorparietal,0.7714285714285714,0.3825184261187248,0.6153846153846153,0.6556444688332217,Mutual + Linear-SVM,unconscious,unconscious,False,Image,False,8,4,3,2
2109,01,lh-inferiorparietal,0.4428571428571429,-0.11769797726729993,0.30769230769230765,0.7030580669202413,Mutual + Linear-SVM,unconscious,unconscious,False,Image,False,6,2,5,4
2110,01,lh-inferiorparietal,0.6272727272727272,0.14545454545454545,0.5714285714285713,0.7054527492712476,Mutual + Linear-SVM,unconscious,unconscious,False,Image,False,6,6,5,4
2111,01,lh-inferiorparietal,0.5166666666666666,0.09759000729485331,0.4615384615384615,0.6765562915201178,Mutual + Linear-SVM,unconscious,unconscious,False,Image,False,6,3,3,4
2112,01,lh-inferiorparietal,0.52,-0.09449111825230681,0.3333333333333333,0.6587593524096614,Mutual + Linear-SVM,unconscious,unconscious,False,Image,False,5,2,3,5
2113,01,lh-inferiorparietal,0.6666666666666667,0.14907119849998599,0.4,0.6418219929652083,Mutual + Linear-SVM,unconscious,unconscious,False,Image,False,4,1,1,2
2114,01,lh-inferiorparietal,0.33333333333333337,-0.41079191812887456,0.16666666666666666,0.7352620329099242,Mutual + Linear-SVM,unconscious,unconscious,False,Image,False,3,1,7,3
2115,01,lh-inferiorparietal,0.42307692307692313,-0.03580574370197164,0.5454545454545455,0.7734069549598052,Mutual + Linear-SVM,unconscious,unconscious,False,Image,False,3,6,7,3
2116,01,lh-inferiorparietal,0.7222222222222223,0.32732683535398854,0.7058823529411765,0.7110004706898607,Mutual + Linear-SVM,unconscious,unconscious,False,Image,False,4,6,3,2
2117,01,lh-inferiorparietal,0.33333333333333337,-0.3333333333333333,0.0,0.6613956689204782,Mutual + Linear-SVM,unconscious,unconscious,False,Image,False,4,0,2,2
2118,01,lh-inferiorparietal,0.6333333333333333,0.2608745973749754,0.5,0.6816939972329211,Mutual + Linear-SVM,unconscious,unconscious,False,Image,False,5,2,3,1
2119,01,lh-inferiorparietal,0.47916666666666663,0.125,0.625,0.7165654805899528,Mutual + Linear-SVM,unconscious,unconscious,False,Image,False,3,5,3,3
2120,01,lh-inferiorparietal,0.5333333333333333,0.06900655593423542,0.4444444444444445,0.6879130878572544,Mutual + Linear-SVM,unconscious,unconscious,False,Image,False,4,2,3,2
2121,01,lh-inferiorparietal,0.5833333333333334,0.04303314829119352,0.4615384615384615,0.7107271838962939,Mutual + Linear-SVM,unconscious,unconscious,False,Image,False,4,3,5,2
2122,01,lh-inferiorparietal,0.7222222222222222,0.21821789023599236,0.6250000000000001,0.7106442707026314,Mutual + Linear-SVM,unconscious,unconscious,False,Image,False,4,5,4,2
2123,01,lh-inferiorparietal,0.4285714285714286,-0.07142857142857142,0.4615384615384615,0.7274836738256418,Mutual + Linear-SVM,unconscious,unconscious,False,Image,False,3,3,4,3
2124,01,lh-inferiorparietal,0.3055555555555555,-0.3333333333333333,0.3333333333333333,0.717629427312028,Mutual + Linear-SVM,unconscious,unconscious,False,Image,False,2,2,4,4
2125,01,lh-inferiorparietal,0.3939393939393939,-0.3337119062359573,0.25000000000000006,0.739805617202915,Mutual + Linear-SVM,unconscious,unconscious,False,Image,False,3,2,9,3
2126,01,lh-inferiorparietal,0.6333333333333334,0.26666666666666666,0.6,0.6841282870615054,Mutual + Linear-SVM,unconscious,unconscious,False,Image,False,4,3,2,2
2127,01,lh-inferiorparietal,0.5925925925925926,0.1111111111111111,0.5333333333333333,0.7095273410884138,Mutual + Linear-SVM,unconscious,unconscious,False,Image,False,4,4,5,2
2128,01,lh-inferiorparietal,0.16666666666666666,-0.50709255283711,0.1818181818181818,0.7469800315568117,Mutual + Linear-SVM,unconscious,unconscious,False,Image,False,2,1,5,4
2129,01,lh-inferiorparietal,0.38888888888888884,0.0,0.5,0.7067571632144127,Mutual + Linear-SVM,unconscious,unconscious,False,Image,False,3,3,3,3
2130,01,lh-inferiorparietal,0.5555555555555556,0.12171612389003691,0.5833333333333334,0.7535104053414573,Mutual + Linear-SVM,unconscious,unconscious,False,Image,False,4,7,8,2
2131,01,lh-inferiorparietal,0.6166666666666667,0.16265001215808886,0.588235294117647,0.721913386058638,Mutual + Linear-SVM,unconscious,unconscious,False,Image,False,4,5,5,2
2132,01,lh-inferiorparietal,0.5,0.0,0.4444444444444445,0.6740459978680902,Mutual + Linear-SVM,unconscious,unconscious,False,Image,False,3,2,2,3
2133,01,lh-inferiorparietal,0.19999999999999998,-0.4666666666666667,0.20000000000000004,0.7080804611502655,Mutual + Linear-SVM,unconscious,unconscious,False,Image,False,2,1,4,4
2134,01,lh-inferiorparietal,0.3055555555555556,-0.1690308509457033,0.3636363636363636,0.719640538351185,Mutual + Linear-SVM,unconscious,unconscious,False,Image,False,3,2,4,3
2135,01,lh-inferiorparietal,0.4375,0.16666666666666666,0.5714285714285715,0.738573202525166,Mutual + Linear-SVM,unconscious,unconscious,False,Image,False,4,4,4,2
2136,01,lh-inferiorparietal,0.4222222222222223,-0.15504341823651058,0.43478260869565216,0.7684889143288481,Mutual + Linear-SVM,unconscious,unconscious,False,Image,False,3,5,10,3
2137,01,lh-inferiorparietal,0.5,0.1690308509457033,0.5454545454545454,0.7030364174561408,Mutual + Linear-SVM,unconscious,unconscious,False,Image,False,4,3,3,2
2138,01,lh-inferiorparietal,0.6166666666666667,0.2581988897471611,0.6666666666666665,0.7246993520631987,Mutual + Linear-SVM,unconscious,unconscious,False,Image,False,4,6,4,2
2139,01,lh-inferiorparietal,0.5833333333333333,0.16666666666666666,0.5714285714285715,0.7086780112553551,Mutual + Linear-SVM,unconscious,unconscious,False,Image,False,4,4,4,2
2140,01,lh-inferiorparietal,0.6944444444444444,0.3333333333333333,0.6666666666666666,0.6893912676549273,Mutual + Linear-SVM,unconscious,unconscious,False,Image,False,4,4,2,2
2141,01,lh-inferiorparietal,0.5,-0.2182178902359924,0.0,0.6443237261737189,Mutual + Linear-SVM,unconscious,unconscious,False,Image,False,5,0,2,1
2142,01,lh-inferiorparietal,0.75,0.4583333333333333,0.7142857142857143,0.6961442588642631,Mutual + Linear-SVM,unconscious,unconscious,False,Image,False,5,5,3,1
2143,01,lh-inferiorparietal,0.5,0.06900655593423542,0.4444444444444445,0.6889874862158336,Mutual + Linear-SVM,unconscious,unconscious,False,Image,False,4,2,3,2
2144,01,lh-inferiorparietal,0.5,-0.04351941398892446,0.5263157894736842,0.7482859867582021,Mutual + Linear-SVM,unconscious,unconscious,False,Image,False,3,5,6,3
2145,01,lh-inferiorparietal,0.3541666666666667,-0.28867513459481287,0.39999999999999997,0.7365852627566968,Mutual + Linear-SVM,unconscious,unconscious,False,Image,False,2,3,5,4
2146,01,lh-inferiorparietal,0.4,0.1,0.5454545454545454,0.6965505116040019,Mutual + Linear-SVM,unconscious,unconscious,False,Image,False,3,3,2,3
2147,01,lh-inferiorparietal,0.43333333333333335,-0.3105295017040594,0.22222222222222224,0.69114791192268,Mutual + Linear-SVM,unconscious,unconscious,False,Image,False,3,1,4,3
2148,01,lh-inferiorparietal,0.3,-0.2,0.37499999999999994,0.7468267722441895,Mutual + Linear-SVM,unconscious,unconscious,False,Image,False,3,3,7,3
2149,01,lh-inferiorparietal,0.3333333333333333,-0.1690308509457033,0.3636363636363636,0.7152323279857032,Mutual + Linear-SVM,unconscious,unconscious,False,Image,False,3,2,4,3
2150,01,lh-inferiorparietal,0.3125,-0.25819888974716115,0.3076923076923077,0.7292249420395074,Mutual + Linear-SVM,unconscious,unconscious,False,Image,False,3,2,6,3
2151,01,lh-inferiorparietal,0.5833333333333333,0.0,0.4444444444444445,0.6791562202962489,Mutual + Linear-SVM,unconscious,unconscious,False,Image,False,3,2,2,3
2152,01,lh-inferiorparietal,0.3888888888888889,-0.28867513459481287,0.2857142857142857,0.7349026164855517,Mutual + Linear-SVM,unconscious,unconscious,False,Image,False,3,2,7,3
2153,01,lh-inferiorparietal,0.7083333333333334,0.28867513459481287,0.6666666666666666,0.693247569494788,Mutual + Linear-SVM,unconscious,unconscious,False,Image,False,4,5,3,2
2154,01,lh-inferiorparietal,0.7083333333333334,0.3563483225498992,0.5714285714285715,0.6684119503551067,Mutual + Linear-SVM,unconscious,unconscious,False,Image,False,5,2,2,1
2155,01,lh-inferiorparietal,0.33333333333333337,-0.3105295017040594,0.22222222222222224,0.6958648568373121,Mutual + Linear-SVM,unconscious,unconscious,False,Image,False,3,1,4,3
2156,01,lh-inferiorparietal,0.7619047619047619,0.23809523809523808,0.6153846153846153,0.6824164730009552,Mutual + Linear-SVM,unconscious,unconscious,False,Image,False,4,4,3,2
2157,01,lh-inferiorparietal,0.23809523809523808,-0.5367450401216932,0.16666666666666666,0.7490355131540123,Mutual + Linear-SVM,unconscious,unconscious,False,Image,False,2,1,6,4
2158,01,lh-inferiorparietal,0.3787878787878788,-0.04351941398892446,0.5263157894736842,0.7435976390277231,Mutual + Linear-SVM,unconscious,unconscious,False,Image,False,3,5,6,3
2159,01,lh-inferiorparietal,0.41666666666666663,-0.1690308509457033,0.3636363636363636,0.7067389500756668,Mutual + Linear-SVM,unconscious,unconscious,False,Image,False,3,2,4,3
2160,01,lh-inferiorparietal,0.4,-0.26666666666666666,0.3636363636363636,0.6971124843930085,Mutual + Linear-SVM,unconscious,unconscious,False,Image,False,2,2,3,4
2161,01,lh-inferiorparietal,0.7777777777777778,0.24056261216234406,0.4,0.6239394120333274,Mutual + Linear-SVM,unconscious,unconscious,False,Image,False,7,1,1,2
2162,01,lh-inferiorparietal,0.5972222222222223,0.1690308509457033,0.5333333333333333,0.6952003087706435,Mutual + Linear-SVM,unconscious,unconscious,False,Image,False,6,4,4,3
2163,01,lh-inferiorparietal,0.4957264957264958,0.016878989451394443,0.5217391304347826,0.732530825890177,Mutual + Linear-SVM,unconscious,unconscious,False,Image,False,5,6,7,4
2164,01,lh-inferiorparietal,0.7160493827160493,0.5555555555555556,0.7777777777777778,0.6861911674133646,Mutual + Linear-SVM,unconscious,unconscious,False,Image,False,7,7,2,2
2165,01,lh-inferiorparietal,0.2777777777777778,-0.43033148291193524,0.0,0.6323748912718746,Mutual + Linear-SVM,unconscious,unconscious,False,Image,False,4,0,2,5
2166,01,lh-inferiorparietal,0.7333333333333334,0.5185449728701348,0.6666666666666665,0.6548783070281688,Mutual + Linear-SVM,unconscious,unconscious,False,Image,False,8,3,2,1
2167,01,lh-inferiorparietal,0.5694444444444444,0.04351941398892446,0.42857142857142855,0.6915318239171298,Mutual + Linear-SVM,unconscious,unconscious,False,Image,False,6,3,5,3
2168,01,lh-inferiorparietal,0.7555555555555556,0.18856180831641267,0.4444444444444445,0.6585490196039975,Mutual + Linear-SVM,unconscious,unconscious,False,Image,False,7,2,3,2
2169,01,lh-inferiorparietal,0.75,0.408491223118783,0.6666666666666666,0.6819877774629749,Mutual + Linear-SVM,unconscious,unconscious,False,Image,False,7,5,3,2
2170,01,lh-inferiorparietal,0.5061728395061729,0.11396057645963795,0.5,0.7080929435066132,Mutual + Linear-SVM,unconscious,unconscious,False,Image,False,6,4,5,3
2171,01,lh-inferiorparietal,0.47619047619047616,-0.015873015873015872,0.42857142857142855,0.6975075789076375,Mutual + Linear-SVM,unconscious,unconscious,False,Image,False,5,3,4,4
2172,01,lh-inferiorparietal,0.5370370370370371,-0.05455447255899809,0.42857142857142855,0.6777508576115149,Mutual + Linear-SVM,unconscious,unconscious,False,Image,False,4,3,3,5
2173,01,lh-inferiorparietal,0.6565656565656566,0.30151134457776363,0.6666666666666666,0.7124466057562674,Mutual + Linear-SVM,unconscious,unconscious,False,Image,False,6,7,4,3
2174,01,lh-inferiorparietal,0.6888888888888889,0.37777777777777777,0.6,0.6596527566026615,Mutual + Linear-SVM,unconscious,unconscious,False,Image,False,7,3,2,2
2175,01,lh-inferiorparietal,0.654320987654321,0.22360679774997896,0.5882352941176471,0.6880720934231179,Mutual + Linear-SVM,unconscious,unconscious,False,Image,False,6,5,4,3
2176,01,lh-inferiorparietal,0.2592592592592593,-0.3888888888888889,0.16666666666666666,0.6935638154777054,Mutual + Linear-SVM,unconscious,unconscious,False,Image,False,4,1,5,5
2177,01,lh-inferiorparietal,0.4814814814814815,0.05455447255899809,0.4615384615384615,0.6825240695998602,Mutual + Linear-SVM,unconscious,unconscious,False,Image,False,5,3,3,4
2178,01,lh-inferiorparietal,0.6222222222222222,0.1943250826893887,0.6153846153846153,0.7181098192923843,Mutual + Linear-SVM,unconscious,unconscious,False,Image,False,6,8,7,3
2179,01,lh-inferiorparietal,0.7,0.36666666666666664,0.7,0.6931821290426247,Mutual + Linear-SVM,unconscious,unconscious,False,Image,False,6,7,3,3
2180,01,lh-inferiorparietal,0.6666666666666667,0.2777777777777778,0.5,0.6546116779149552,Mutual + Linear-SVM,unconscious,unconscious,False,Image,False,7,2,2,2
2181,01,lh-inferiorparietal,0.2666666666666667,-0.4472135954999579,0.16666666666666666,0.6890139439977689,Mutual + Linear-SVM,unconscious,unconscious,False,Image,False,3,1,4,6
2182,01,lh-inferiorparietal,0.38888888888888884,-0.21821789023599236,0.30769230769230765,0.6809259885172394,Mutual + Linear-SVM,unconscious,unconscious,False,Image,False,4,2,4,5
2183,01,lh-inferiorparietal,0.48611111111111116,0.1690308509457033,0.5333333333333333,0.6994922714799033,Mutual + Linear-SVM,unconscious,unconscious,False,Image,False,6,4,4,3
2184,01,lh-inferiorparietal,0.5111111111111112,0.1943250826893887,0.6153846153846153,0.7364177920891551,Mutual + Linear-SVM,unconscious,unconscious,False,Image,False,6,8,7,3
2185,01,lh-inferiorparietal,0.4444444444444444,0.12309149097933272,0.4,0.6788036510038167,Mutual + Linear-SVM,unconscious,unconscious,False,Image,False,7,2,4,2
2186,01,lh-inferiorparietal,0.7777777777777778,0.4777777777777778,0.7368421052631577,0.6982831892044907,Mutual + Linear-SVM,unconscious,unconscious,False,Image,False,7,7,3,2
2187,01,lh-inferiorparietal,0.5833333333333334,0.1690308509457033,0.5333333333333333,0.6894566998391334,Mutual + Linear-SVM,unconscious,unconscious,False,Image,False,6,4,4,3
2188,01,lh-inferiorparietal,0.7222222222222222,0.4444444444444444,0.6666666666666666,0.6615585463202295,Mutual + Linear-SVM,unconscious,unconscious,False,Image,False,7,4,2,2
2189,01,lh-inferiorparietal,0.5555555555555556,-0.04303314829119352,0.25,0.6194619651304483,Mutual + Linear-SVM,unconscious,unconscious,False,Image,False,4,1,1,5
2190,01,lh-inferiorparietal,0.6527777777777778,0.2916666666666667,0.625,0.6770470585438875,Mutual + Linear-SVM,unconscious,unconscious,False,Image,False,6,5,3,3
2191,01,lh-inferiorparietal,0.7111111111111111,0.37777777777777777,0.6,0.661041945490731,Mutual + Linear-SVM,unconscious,unconscious,False,Image,False,7,3,2,2
2192,01,lh-inferiorparietal,0.5252525252525253,0.21212121212121213,0.6,0.7153198534492404,Mutual + Linear-SVM,unconscious,unconscious,False,Image,False,6,6,5,3
2193,01,lh-inferiorparietal,0.5277777777777778,0.1690308509457033,0.5333333333333333,0.6930147768165287,Mutual + Linear-SVM,unconscious,unconscious,False,Image,False,6,4,4,3
2194,01,lh-inferiorparietal,0.6888888888888889,0.25819888974716115,0.5454545454545454,0.666258903894689,Mutual + Linear-SVM,unconscious,unconscious,False,Image,False,6,3,2,3
2195,01,lh-inferiorparietal,0.48888888888888893,-0.04303314829119352,0.3636363636363636,0.6708769995725179,Mutual + Linear-SVM,unconscious,unconscious,False,Image,False,5,2,3,4
2196,01,lh-inferiorparietal,0.5555555555555556,0.05555555555555555,0.5263157894736842,0.7093874818465756,Mutual + Linear-SVM,unconscious,unconscious,False,Image,False,5,5,5,4
2197,01,lh-inferiorparietal,0.5555555555555556,0.16666666666666666,0.5,0.6744795184504021,Mutual + Linear-SVM,unconscious,unconscious,False,Image,False,6,3,3,3
2198,01,lh-inferiorparietal,0.5833333333333335,0.2916666666666667,0.625,0.6940540175229666,Mutual + Linear-SVM,unconscious,unconscious,False,Image,False,6,5,3,3
2199,01,lh-inferiorparietal,0.5,0.05143444998736397,0.4,0.6552352801311456,Mutual + Linear-SVM,unconscious,unconscious,False,Image,False,5,2,2,4
2200,01,lh-inferiorparietal,0.7160493827160495,0.4472135954999579,0.7058823529411765,0.6881144900245358,Mutual + Linear-SVM,unconscious,unconscious,False,Image,False,7,6,3,2
2201,01,lh-inferiorparietal,0.7777777777777778,0.408491223118783,0.6666666666666666,0.658220362748767,Mutual + Linear-SVM,unconscious,unconscious,False,Image,False,7,5,3,2
2202,01,lh-inferiorparietal,0.7777777777777778,0.5006939628599933,0.6666666666666665,0.6436756735815948,Mutual + Linear-SVM,unconscious,unconscious,False,Image,False,7,3,1,2
2203,01,lh-inferiorparietal,0.26666666666666666,-0.4472135954999579,0.16666666666666666,0.6741762486004587,Mutual + Linear-SVM,unconscious,unconscious,False,Image,False,3,1,4,6
2204,01,lh-inferiorparietal,0.6666666666666667,0.23809523809523808,0.5714285714285714,0.6731027889445618,Mutual + Linear-SVM,unconscious,unconscious,False,Image,False,6,4,3,3
2205,01,lh-inferiorparietal,0.3492063492063492,-0.1259881576697424,0.39999999999999997,0.7257793542236323,Mutual + Linear-SVM,unconscious,unconscious,False,Image,False,4,3,4,5
2206,01,lh-inferiorparietal,0.404040404040404,-0.08206099398622181,0.4210526315789474,0.716035165418188,Mutual + Linear-SVM,unconscious,unconscious,False,Image,False,5,4,7,4
2207,01,lh-inferiorparietal,0.3888888888888889,-0.21821789023599236,0.30769230769230765,0.6852473990267413,Mutual + Linear-SVM,unconscious,unconscious,False,Image,False,4,2,4,5
2208,01,lh-inferiorparietal,0.5333333333333333,0.06666666666666667,0.4000000000000001,0.6671160751071462,Mutual + Linear-SVM,unconscious,unconscious,False,Image,False,6,2,3,3
2209,01,lh-inferiorparietal,0.875,0.375,0.5,0.6151732775629608,Mutual + Linear-SVM,unconscious,unconscious,False,Image,False,7,1,1,1
2210,01,lh-inferiorparietal,0.53125,0.0,0.42857142857142855,0.7039415920888623,Mutual + Linear-SVM,unconscious,unconscious,False,Image,False,5,3,5,3
2211,01,lh-inferiorparietal,0.6634615384615385,0.2337367475021143,0.6666666666666667,0.7279991540690207,Mutual + Linear-SVM,unconscious,unconscious,False,Image,False,5,8,5,3
2212,01,lh-inferiorparietal,0.6805555555555556,0.2916666666666667,0.6666666666666666,0.6923260271129792,Mutual + Linear-SVM,unconscious,unconscious,False,Image,False,5,6,3,3
2213,01,lh-inferiorparietal,0.375,-0.25,0.0,0.6278797333683889,Mutual + Linear-SVM,unconscious,unconscious,False,Image,False,6,0,2,2
2214,01,lh-inferiorparietal,0.675,0.21957751641341997,0.5454545454545454,0.6575503637107017,Mutual + Linear-SVM,unconscious,unconscious,False,Image,False,5,3,2,3
2215,01,lh-inferiorparietal,0.734375,0.3779644730092272,0.6666666666666666,0.6866216210823,Mutual + Linear-SVM,unconscious,unconscious,False,Image,False,6,5,3,2
2216,01,lh-inferiorparietal,0.825,0.5006939628599933,0.6666666666666665,0.6501136658422062,Mutual + Linear-SVM,unconscious,unconscious,False,Image,False,7,3,2,1
2217,01,lh-inferiorparietal,0.671875,0.1259881576697424,0.5333333333333333,0.6777280995550783,Mutual + Linear-SVM,unconscious,unconscious,False,Image,False,5,4,4,3
2218,01,lh-inferiorparietal,0.6944444444444444,0.3098898934004561,0.6250000000000001,0.690184604214884,Mutual + Linear-SVM,unconscious,unconscious,False,Image,False,6,5,4,2
2219,01,lh-inferiorparietal,0.5714285714285714,0.05455447255899809,0.4615384615384615,0.6868280946693789,Mutual + Linear-SVM,unconscious,unconscious,False,Image,False,5,3,4,3
2220,01,lh-inferiorparietal,0.5833333333333334,-0.04303314829119352,0.3636363636363636,0.6801530476330598,Mutual + Linear-SVM,unconscious,unconscious,False,Image,False,5,2,4,3
2221,01,lh-inferiorparietal,0.6818181818181819,0.1685499656158105,0.6,0.7153177229606225,Mutual + Linear-SVM,unconscious,unconscious,False,Image,False,5,6,5,3
2222,01,lh-inferiorparietal,0.7000000000000001,0.5006939628599933,0.6666666666666665,0.6522889916558854,Mutual + Linear-SVM,unconscious,unconscious,False,Image,False,7,3,2,1
2223,01,lh-inferiorparietal,0.625,0.18055555555555555,0.5882352941176471,0.6953216318168761,Mutual + Linear-SVM,unconscious,unconscious,False,Image,False,5,5,4,3
2224,01,lh-inferiorparietal,0.39583333333333337,-0.16666666666666666,0.3333333333333333,0.6895745853588517,Mutual + Linear-SVM,unconscious,unconscious,False,Image,False,4,2,4,4
2225,01,lh-inferiorparietal,0.4583333333333333,-0.16666666666666666,0.3333333333333333,0.6990641439486158,Mutual + Linear-SVM,unconscious,unconscious,False,Image,False,4,2,4,4
2226,01,lh-inferiorparietal,0.675,0.21452908258025827,0.6666666666666665,0.7268972220491049,Mutual + Linear-SVM,unconscious,unconscious,False,Image,False,5,9,6,3
2227,01,lh-inferiorparietal,0.6375,0.125,0.5555555555555556,0.7030000685453826,Mutual + Linear-SVM,unconscious,unconscious,False,Image,False,5,5,5,3
2228,01,lh-inferiorparietal,0.53125,0.11952286093343936,0.4444444444444445,0.6637062172039812,Mutual + Linear-SVM,unconscious,unconscious,False,Image,False,5,2,2,3
2229,01,lh-inferiorparietal,0.425,-0.09759000729485333,0.3636363636363636,0.684815529071858,Mutual + Linear-SVM,unconscious,unconscious,False,Image,False,4,2,3,4
2230,01,lh-inferiorparietal,0.47916666666666663,0.0,0.4615384615384615,0.6861342655212402,Mutual + Linear-SVM,unconscious,unconscious,False,Image,False,4,3,3,4
2231,01,lh-inferiorparietal,0.53125,0.25,0.625,0.7044207734235953,Mutual + Linear-SVM,unconscious,unconscious,False,Image,False,5,5,3,3
2232,01,lh-inferiorparietal,0.4833333333333333,-0.09607689228305229,0.48,0.7460139598697691,Mutual + Linear-SVM,unconscious,unconscious,False,Image,False,4,6,9,4
2233,01,lh-inferiorparietal,0.5833333333333334,0.0,0.4615384615384615,0.6833952592891729,Mutual + Linear-SVM,unconscious,unconscious,False,Image,False,4,3,3,4
2234,01,lh-inferiorparietal,0.7125,0.2548235957188128,0.588235294117647,0.7045299034253035,Mutual + Linear-SVM,unconscious,unconscious,False,Image,False,6,5,5,2
2235,01,lh-inferiorparietal,0.578125,0.1259881576697424,0.5333333333333333,0.6989169496588533,Mutual + Linear-SVM,unconscious,unconscious,False,Image,False,5,4,4,3
2236,01,lh-inferiorparietal,0.625,0.125,0.5,0.6742332020351546,Mutual + Linear-SVM,unconscious,unconscious,False,Image,False,5,3,3,3
2237,01,lh-inferiorparietal,0.6875,0.10206207261596577,0.3333333333333333,0.6175869788525369,Mutual + Linear-SVM,unconscious,unconscious,False,Image,False,5,1,1,3
2238,01,lh-inferiorparietal,0.796875,0.629940788348712,0.7999999999999999,0.6771971593948661,Mutual + Linear-SVM,unconscious,unconscious,False,Image,False,7,6,2,1
2239,01,lh-inferiorparietal,0.7,0.21957751641341997,0.5454545454545454,0.663977723560919,Mutual + Linear-SVM,unconscious,unconscious,False,Image,False,5,3,2,3
2240,01,lh-inferiorparietal,0.625,-0.044946657497549475,0.5,0.7216316498744462,Mutual + Linear-SVM,unconscious,unconscious,False,Image,False,4,5,6,4
2241,01,lh-inferiorparietal,0.53125,-0.13483997249264842,0.3076923076923077,0.7018857428377279,Mutual + Linear-SVM,unconscious,unconscious,False,Image,False,5,2,6,3
2242,01,lh-inferiorparietal,0.55,0.025,0.4000000000000001,0.6722517655039326,Mutual + Linear-SVM,unconscious,unconscious,False,Image,False,5,2,3,3
2243,01,lh-inferiorparietal,0.6,0.025,0.4000000000000001,0.6632642035137848,Mutual + Linear-SVM,unconscious,unconscious,False,Image,False,5,2,3,3
2244,01,lh-inferiorparietal,0.6125,0.125,0.5555555555555556,0.7133176290637859,Mutual + Linear-SVM,unconscious,unconscious,False,Image,False,5,5,5,3
2245,01,lh-inferiorparietal,0.5416666666666666,0.125,0.5,0.6828908740575778,Mutual + Linear-SVM,unconscious,unconscious,False,Image,False,5,3,3,3
2246,01,lh-inferiorparietal,0.578125,0.1259881576697424,0.5333333333333333,0.695363171759257,Mutual + Linear-SVM,unconscious,unconscious,False,Image,False,5,4,4,3
2247,01,lh-inferiorparietal,0.6875,0.11952286093343936,0.4444444444444445,0.6448881800612175,Mutual + Linear-SVM,unconscious,unconscious,False,Image,False,5,2,2,3
2248,01,lh-inferiorparietal,0.7222222222222222,0.18055555555555555,0.5882352941176471,0.6906804460174581,Mutual + Linear-SVM,unconscious,unconscious,False,Image,False,5,5,4,3
2249,01,lh-inferiorparietal,0.796875,0.3779644730092272,0.6666666666666666,0.6660080749761735,Mutual + Linear-SVM,unconscious,unconscious,False,Image,False,6,5,3,2
2250,01,lh-inferiorparietal,0.71875,0.25,0.5,0.6482678941967805,Mutual + Linear-SVM,unconscious,unconscious,False,Image,False,6,2,2,2
2251,01,lh-inferiorparietal,0.5249999999999999,0.025,0.4000000000000001,0.6739153813985831,Mutual + Linear-SVM,unconscious,unconscious,False,Image,False,5,2,3,3
2252,01,lh-inferiorparietal,0.7678571428571428,0.4642857142857143,0.7142857142857143,0.6652191012488389,Mutual + Linear-SVM,unconscious,unconscious,False,Image,False,6,5,2,2
2253,01,lh-inferiorparietal,0.4464285714285714,0.07142857142857142,0.5333333333333333,0.7065042535959509,Mutual + Linear-SVM,unconscious,unconscious,False,Image,False,4,4,3,4
2254,01,lh-inferiorparietal,0.5681818181818181,0.1685499656158105,0.6,0.718203180655659,Mutual + Linear-SVM,unconscious,unconscious,False,Image,False,5,6,5,3
2255,01,lh-inferiorparietal,0.5208333333333333,0.0,0.4615384615384615,0.6861904065430308,Mutual + Linear-SVM,unconscious,unconscious,False,Image,False,4,3,3,4
2256,01,lh-inferiorparietal,0.5750000000000001,0.025,0.4000000000000001,0.6682813458569974,Mutual + Linear-SVM,unconscious,unconscious,False,Image,False,5,2,3,3
2257,01,lh-inferiorparietal,0.75,0.2182178902359924,0.4,0.6299651649159328,Mutual + Linear-SVM,unconscious,unconscious,False,Image,False,6,1,1,2
2258,01,lh-inferiorparietal,0.359375,-0.2581988897471611,0.28571428571428575,0.716095852182923,Mutual + Linear-SVM,unconscious,unconscious,False,Image,False,4,2,6,4
2259,01,lh-inferiorparietal,0.43269230769230765,0.1589409883014377,0.608695652173913,0.7469096199508856,Mutual + Linear-SVM,unconscious,unconscious,False,Image,False,5,7,6,3
2260,01,lh-inferiorparietal,0.5694444444444444,0.18055555555555555,0.5882352941176471,0.7033598267691529,Mutual + Linear-SVM,unconscious,unconscious,False,Image,False,5,5,4,3
2261,01,lh-inferiorparietal,0.25,-0.5,0.0,0.6402761692549568,Mutual + Linear-SVM,unconscious,unconscious,False,Image,False,3,0,2,5
2262,01,lh-inferiorparietal,0.575,-0.09759000729485333,0.3636363636363636,0.6719183894802273,Mutual + Linear-SVM,unconscious,unconscious,False,Image,False,4,2,3,4
2263,01,lh-inferiorparietal,0.4375,-0.1259881576697424,0.39999999999999997,0.7017114408800864,Mutual + Linear-SVM,unconscious,unconscious,False,Image,False,4,3,5,4
2264,01,lh-inferiorparietal,0.675,0.21957751641341997,0.5454545454545454,0.6643057802375757,Mutual + Linear-SVM,unconscious,unconscious,False,Image,False,5,3,2,3
2265,01,lh-inferiorparietal,0.53125,-0.1259881576697424,0.39999999999999997,0.6936066860504833,Mutual + Linear-SVM,unconscious,unconscious,False,Image,False,4,3,5,4
2266,01,lh-inferiorparietal,0.5,0.07042952122737638,0.5,0.709415367435191,Mutual + Linear-SVM,unconscious,unconscious,False,Image,False,5,4,5,3
2267,01,lh-inferiorparietal,0.4107142857142857,-0.21821789023599236,0.30769230769230765,0.7000248829672083,Mutual + Linear-SVM,unconscious,unconscious,False,Image,False,4,2,5,4
2268,01,lh-inferiorparietal,0.5416666666666667,0.0,0.4615384615384615,0.6842661458403807,Mutual + Linear-SVM,unconscious,unconscious,False,Image,False,4,3,3,4
2269,01,lh-inferiorparietal,0.375,-0.2584432806109095,0.39999999999999997,0.7294585687307785,Mutual + Linear-SVM,unconscious,unconscious,False,Image,False,3,4,7,5
2270,01,lh-inferiorparietal,0.7000000000000001,0.35,0.6,0.6704478215628822,Mutual + Linear-SVM,unconscious,unconscious,False,Image,False,6,3,2,2
2271,01,lh-inferiorparietal,0.5277777777777778,0.18055555555555555,0.5882352941176471,0.7025974480917361,Mutual + Linear-SVM,unconscious,unconscious,False,Image,False,5,5,4,3
2272,01,lh-inferiorparietal,0.1875,-0.4583333333333333,0.16666666666666666,0.7014416308575139,Mutual + Linear-SVM,unconscious,unconscious,False,Image,False,3,1,5,5
2273,01,lh-inferiorparietal,0.1875,-0.5773502691896257,0.15384615384615383,0.7084885133698853,Mutual + Linear-SVM,unconscious,unconscious,False,Image,False,2,1,5,6
2274,01,lh-inferiorparietal,0.6333333333333333,0.3337119062359573,0.6923076923076923,0.7305012333002463,Mutual + Linear-SVM,unconscious,unconscious,False,Image,False,6,9,6,2
2275,01,lh-inferiorparietal,0.4875,-0.1,0.4444444444444445,0.7118481435260599,Mutual + Linear-SVM,unconscious,unconscious,False,Image,False,4,4,6,4
2276,01,lh-inferiorparietal,0.6875,0.11952286093343936,0.4444444444444445,0.6584257938408608,Mutual + Linear-SVM,unconscious,unconscious,False,Image,False,5,2,2,3
2277,01,lh-inferiorparietal,0.25,-0.4147575310031266,0.1818181818181818,0.691123784669885,Mutual + Linear-SVM,unconscious,unconscious,False,Image,False,3,1,4,5
2278,01,lh-inferiorparietal,0.22916666666666666,-0.4583333333333333,0.16666666666666666,0.7017799268599252,Mutual + Linear-SVM,unconscious,unconscious,False,Image,False,3,1,5,5
2279,01,lh-inferiorparietal,0.40625,-0.25,0.375,0.7163037567722323,Mutual + Linear-SVM,unconscious,unconscious,False,Image,False,3,3,5,5
2280,01,lh-inferiorparietal,0.6083333333333333,0.15096490996388545,0.6153846153846153,0.7374954229165536,Mutual + Linear-SVM,unconscious,unconscious,False,Image,False,5,8,7,3
2281,01,lh-inferiorparietal,0.39583333333333337,-0.04303314829119352,0.3636363636363636,0.687684043621309,Mutual + Linear-SVM,unconscious,unconscious,False,Image,False,5,2,4,3
2282,01,lh-inferiorparietal,0.7375,0.4472135954999579,0.7368421052631577,0.7012782074993499,Mutual + Linear-SVM,unconscious,unconscious,False,Image,False,6,7,3,2
2283,01,lh-inferiorparietal,0.484375,-0.1259881576697424,0.39999999999999997,0.6992383585963536,Mutual + Linear-SVM,unconscious,unconscious,False,Image,False,4,3,5,4
2284,01,lh-inferiorparietal,0.5208333333333334,-0.16666666666666666,0.3333333333333333,0.6801541577349928,Mutual + Linear-SVM,unconscious,unconscious,False,Image,False,4,2,4,4
2285,01,lh-inferiorparietal,0.5625,-0.2182178902359924,0.22222222222222224,0.626000723899834,Mutual + Linear-SVM,unconscious,unconscious,False,Image,False,2,1,1,6
2286,01,lh-inferiorparietal,0.75,0.5163977794943222,0.7142857142857143,0.6839441231004946,Mutual + Linear-SVM,unconscious,unconscious,False,Image,False,7,5,3,1
2287,01,lh-inferiorparietal,0.6,0.31754264805429416,0.5,0.6685691871770432,Mutual + Linear-SVM,unconscious,unconscious,False,Image,False,7,2,3,1
2288,01,lh-inferiorparietal,0.48863636363636365,0.07954545454545454,0.5263157894736842,0.7276102695757913,Mutual + Linear-SVM,unconscious,unconscious,False,Image,False,5,5,6,3
2289,01,lh-inferiorparietal,0.4375,-0.25,0.375,0.7044207371855038,Mutual + Linear-SVM,unconscious,unconscious,False,Image,False,3,3,5,5
2290,01,lh-inferiorparietal,0.475,0.025,0.4000000000000001,0.6732546350982354,Mutual + Linear-SVM,unconscious,unconscious,False,Image,False,5,2,3,3
2291,01,lh-inferiorparietal,0.42500000000000004,-0.09759000729485333,0.3636363636363636,0.6714134337420256,Mutual + Linear-SVM,unconscious,unconscious,False,Image,False,4,2,3,4
2292,01,lh-inferiorparietal,0.49999999999999994,0.22360679774997896,0.631578947368421,0.720545425118231,Mutual + Linear-SVM,unconscious,unconscious,False,Image,False,5,6,4,3
2293,01,lh-inferiorparietal,0.37499999999999994,-0.16666666666666666,0.3333333333333333,0.6873658192051068,Mutual + Linear-SVM,unconscious,unconscious,False,Image,False,4,2,4,4
2294,01,lh-inferiorparietal,0.578125,0.1259881576697424,0.5333333333333333,0.6990796330276394,Mutual + Linear-SVM,unconscious,unconscious,False,Image,False,5,4,4,3
2295,01,lh-inferiorparietal,0.6875,0.25,0.5,0.6508741000439777,Mutual + Linear-SVM,unconscious,unconscious,False,Image,False,6,2,2,2
2296,01,lh-inferiorparietal,0.5,0.05555555555555555,0.5555555555555556,0.7065697836061017,Mutual + Linear-SVM,unconscious,unconscious,False,Image,False,4,5,4,4
2297,01,lh-inferiorparietal,0.625,0.25,0.625,0.6862229591863634,Mutual + Linear-SVM,unconscious,unconscious,False,Image,False,5,5,3,3
2298,01,lh-inferiorparietal,0.875,0.625,0.75,0.6537723394090603,Mutual + Linear-SVM,unconscious,unconscious,False,Image,False,7,3,1,1
2299,01,lh-inferiorparietal,0.425,-0.4147575310031266,0.1818181818181818,0.6762174279640087,Mutual + Linear-SVM,unconscious,unconscious,False,Image,False,3,1,4,5
2300,01,lh-inferiorparietal,0.5535714285714286,0.05455447255899809,0.4615384615384615,0.687704990524204,Mutual + Linear-SVM,unconscious,unconscious,False,Image,False,5,3,4,3
2301,01,lh-inferiorparietal,0.17857142857142855,-0.6071428571428571,0.14285714285714285,0.7278875044797488,Mutual + Linear-SVM,unconscious,unconscious,False,Image,False,2,1,6,6
2302,01,lh-inferiorparietal,0.38636363636363635,-0.2326210525996177,0.33333333333333326,0.7253016224203442,Mutual + Linear-SVM,unconscious,unconscious,False,Image,False,4,3,8,4
2303,01,lh-inferiorparietal,0.35416666666666663,-0.28867513459481287,0.30769230769230765,0.7018146119813953,Mutual + Linear-SVM,unconscious,unconscious,False,Image,False,3,2,4,5
2304,01,lh-inferiorparietal,0.30000000000000004,-0.3,0.20000000000000004,0.6793088199988878,Mutual + Linear-SVM,unconscious,unconscious,False,Image,False,4,1,4,4
