fold,sub,roi,roc_auc,mattews_correcoef,f1_score,log_loss,model,condition_target,condition_source,flip,language,transfer,tn,tp,fn,fp
1,01,lh-fusiform,0.5,0.0,0.0,0.6931471805599453,Mutual + Dummy,unconscious,unconscious,False,Image,False,8,0,2,0
2,01,lh-fusiform,0.5,0.0,0.0,0.6931471805599453,Mutual + Dummy,unconscious,unconscious,False,Image,False,8,0,8,0
3,01,lh-fusiform,0.5,0.0,0.0,0.6931471805599453,Mutual + Dummy,unconscious,unconscious,False,Image,False,8,0,13,0
4,01,lh-fusiform,0.5,0.0,0.0,0.6931471805599453,Mutual + Dummy,unconscious,unconscious,False,Image,False,8,0,9,0
5,01,lh-fusiform,0.5,0.0,0.0,0.6931471805599453,Mutual + Dummy,unconscious,unconscious,False,Image,False,8,0,2,0
6,01,lh-fusiform,0.5,0.0,0.0,0.6931471805599453,Mutual + Dummy,unconscious,unconscious,False,Image,False,8,0,5,0
7,01,lh-fusiform,0.5,0.0,0.0,0.6931471805599453,Mutual + Dummy,unconscious,unconscious,False,Image,False,8,0,8,0
8,01,lh-fusiform,0.5,0.0,0.0,0.6931471805599453,Mutual + Dummy,unconscious,unconscious,False,Image,False,8,0,5,0
9,01,lh-fusiform,0.5,0.0,0.0,0.6931471805599453,Mutual + Dummy,unconscious,unconscious,False,Image,False,8,0,8,0
10,01,lh-fusiform,0.5,0.0,0.0,0.6931471805599453,Mutual + Dummy,unconscious,unconscious,False,Image,False,8,0,9,0
11,01,lh-fusiform,0.5,0.0,0.0,0.6931471805599453,Mutual + Dummy,unconscious,unconscious,False,Image,False,8,0,7,0
12,01,lh-fusiform,0.5,0.0,0.0,0.6931471805599453,Mutual + Dummy,unconscious,unconscious,False,Image,False,8,0,6,0
13,01,lh-fusiform,0.5,0.0,0.0,0.6931471805599453,Mutual + Dummy,unconscious,unconscious,False,Image,False,8,0,11,0
14,01,lh-fusiform,0.5,0.0,0.0,0.6931471805599453,Mutual + Dummy,unconscious,unconscious,False,Image,False,8,0,5,0
15,01,lh-fusiform,0.5,0.0,0.0,0.6931471805599453,Mutual + Dummy,unconscious,unconscious,False,Image,False,8,0,9,0
16,01,lh-fusiform,0.5,0.0,0.0,0.6931471805599453,Mutual + Dummy,unconscious,unconscious,False,Image,False,8,0,6,0
17,01,lh-fusiform,0.5,0.0,0.0,0.6931471805599453,Mutual + Dummy,unconscious,unconscious,False,Image,False,8,0,6,0
18,01,lh-fusiform,0.5,0.0,0.0,0.6931471805599453,Mutual + Dummy,unconscious,unconscious,False,Image,False,8,0,15,0
19,01,lh-fusiform,0.5,0.0,0.0,0.6931471805599453,Mutual + Dummy,unconscious,unconscious,False,Image,False,8,0,10,0
20,01,lh-fusiform,0.5,0.0,0.0,0.6931471805599453,Mutual + Dummy,unconscious,unconscious,False,Image,False,8,0,4,0
21,01,lh-fusiform,0.5,0.0,0.0,0.6931471805599453,Mutual + Dummy,unconscious,unconscious,False,Image,False,8,0,5,0
22,01,lh-fusiform,0.5,0.0,0.0,0.6931471805599453,Mutual + Dummy,unconscious,unconscious,False,Image,False,8,0,6,0
23,01,lh-fusiform,0.5,0.0,0.0,0.6931471805599453,Mutual + Dummy,unconscious,unconscious,False,Image,False,8,0,8,0
24,01,lh-fusiform,0.5,0.0,0.0,0.6931471805599453,Mutual + Dummy,unconscious,unconscious,False,Image,False,8,0,15,0
25,01,lh-fusiform,0.5,0.0,0.0,0.6931471805599453,Mutual + Dummy,unconscious,unconscious,False,Image,False,8,0,6,0
26,01,lh-fusiform,0.5,0.0,0.0,0.6931471805599453,Mutual + Dummy,unconscious,unconscious,False,Image,False,8,0,10,0
27,01,lh-fusiform,0.5,0.0,0.0,0.6931471805599453,Mutual + Dummy,unconscious,unconscious,False,Image,False,8,0,8,0
28,01,lh-fusiform,0.5,0.0,0.0,0.6931471805599453,Mutual + Dummy,unconscious,unconscious,False,Image,False,8,0,6,0
29,01,lh-fusiform,0.5,0.0,0.0,0.6931471805599453,Mutual + Dummy,unconscious,unconscious,False,Image,False,8,0,2,0
30,01,lh-fusiform,0.5,0.0,0.0,0.6931471805599453,Mutual + Dummy,unconscious,unconscious,False,Image,False,8,0,8,0
31,01,lh-fusiform,0.5,0.0,0.0,0.6931471805599453,Mutual + Dummy,unconscious,unconscious,False,Image,False,8,0,5,0
32,01,lh-fusiform,0.5,0.0,0.0,0.6931471805599453,Mutual + Dummy,unconscious,unconscious,False,Image,False,8,0,11,0
33,01,lh-fusiform,0.5,0.0,0.0,0.6931471805599453,Mutual + Dummy,unconscious,unconscious,False,Image,False,8,0,8,0
34,01,lh-fusiform,0.5,0.0,0.0,0.6931471805599453,Mutual + Dummy,unconscious,unconscious,False,Image,False,8,0,5,0
35,01,lh-fusiform,0.5,0.0,0.0,0.6931471805599453,Mutual + Dummy,unconscious,unconscious,False,Image,False,8,0,5,0
36,01,lh-fusiform,0.5,0.0,0.0,0.6931471805599453,Mutual + Dummy,unconscious,unconscious,False,Image,False,8,0,10,0
37,01,lh-fusiform,0.5,0.0,0.0,0.6931471805599453,Mutual + Dummy,unconscious,unconscious,False,Image,False,8,0,6,0
38,01,lh-fusiform,0.5,0.0,0.0,0.6931471805599453,Mutual + Dummy,unconscious,unconscious,False,Image,False,8,0,8,0
39,01,lh-fusiform,0.5,0.0,0.0,0.6931471805599453,Mutual + Dummy,unconscious,unconscious,False,Image,False,8,0,4,0
40,01,lh-fusiform,0.5,0.0,0.0,0.6931471805599453,Mutual + Dummy,unconscious,unconscious,False,Image,False,8,0,9,0
41,01,lh-fusiform,0.5,0.0,0.0,0.6931471805599453,Mutual + Dummy,unconscious,unconscious,False,Image,False,8,0,8,0
42,01,lh-fusiform,0.5,0.0,0.0,0.6931471805599453,Mutual + Dummy,unconscious,unconscious,False,Image,False,8,0,4,0
43,01,lh-fusiform,0.5,0.0,0.0,0.6931471805599453,Mutual + Dummy,unconscious,unconscious,False,Image,False,8,0,5,0
44,01,lh-fusiform,0.5,0.0,0.0,0.6931471805599453,Mutual + Dummy,unconscious,unconscious,False,Image,False,8,0,7,0
45,01,lh-fusiform,0.5,0.0,0.0,0.6931471805599453,Mutual + Dummy,unconscious,unconscious,False,Image,False,8,0,7,0
46,01,lh-fusiform,0.5,0.0,0.0,0.6931471805599453,Mutual + Dummy,unconscious,unconscious,False,Image,False,8,0,11,0
47,01,lh-fusiform,0.5,0.0,0.0,0.6931471805599453,Mutual + Dummy,unconscious,unconscious,False,Image,False,8,0,6,0
48,01,lh-fusiform,0.5,0.0,0.0,0.6931471805599453,Mutual + Dummy,unconscious,unconscious,False,Image,False,8,0,5,0
49,01,lh-fusiform,0.5,0.0,0.0,0.6931471805599453,Mutual + Dummy,unconscious,unconscious,False,Image,False,12,0,2,0
50,01,lh-fusiform,0.5,0.0,0.0,0.6931471805599453,Mutual + Dummy,unconscious,unconscious,False,Image,False,12,0,8,0
51,01,lh-fusiform,0.5,0.0,0.0,0.6931471805599452,Mutual + Dummy,unconscious,unconscious,False,Image,False,12,0,13,0
52,01,lh-fusiform,0.5,0.0,0.0,0.6931471805599453,Mutual + Dummy,unconscious,unconscious,False,Image,False,12,0,9,0
53,01,lh-fusiform,0.5,0.0,0.0,0.6931471805599453,Mutual + Dummy,unconscious,unconscious,False,Image,False,12,0,2,0
54,01,lh-fusiform,0.5,0.0,0.0,0.6931471805599453,Mutual + Dummy,unconscious,unconscious,False,Image,False,12,0,5,0
55,01,lh-fusiform,0.5,0.0,0.0,0.6931471805599453,Mutual + Dummy,unconscious,unconscious,False,Image,False,12,0,8,0
56,01,lh-fusiform,0.5,0.0,0.0,0.6931471805599453,Mutual + Dummy,unconscious,unconscious,False,Image,False,12,0,5,0
57,01,lh-fusiform,0.5,0.0,0.0,0.6931471805599453,Mutual + Dummy,unconscious,unconscious,False,Image,False,12,0,8,0
58,01,lh-fusiform,0.5,0.0,0.0,0.6931471805599453,Mutual + Dummy,unconscious,unconscious,False,Image,False,12,0,9,0
59,01,lh-fusiform,0.5,0.0,0.0,0.6931471805599453,Mutual + Dummy,unconscious,unconscious,False,Image,False,12,0,7,0
60,01,lh-fusiform,0.5,0.0,0.0,0.6931471805599453,Mutual + Dummy,unconscious,unconscious,False,Image,False,12,0,6,0
61,01,lh-fusiform,0.5,0.0,0.0,0.6931471805599453,Mutual + Dummy,unconscious,unconscious,False,Image,False,12,0,11,0
62,01,lh-fusiform,0.5,0.0,0.0,0.6931471805599453,Mutual + Dummy,unconscious,unconscious,False,Image,False,12,0,5,0
63,01,lh-fusiform,0.5,0.0,0.0,0.6931471805599453,Mutual + Dummy,unconscious,unconscious,False,Image,False,12,0,9,0
64,01,lh-fusiform,0.5,0.0,0.0,0.6931471805599453,Mutual + Dummy,unconscious,unconscious,False,Image,False,12,0,6,0
65,01,lh-fusiform,0.5,0.0,0.0,0.6931471805599453,Mutual + Dummy,unconscious,unconscious,False,Image,False,12,0,6,0
66,01,lh-fusiform,0.5,0.0,0.0,0.6931471805599451,Mutual + Dummy,unconscious,unconscious,False,Image,False,12,0,15,0
67,01,lh-fusiform,0.5,0.0,0.0,0.6931471805599453,Mutual + Dummy,unconscious,unconscious,False,Image,False,12,0,10,0
68,01,lh-fusiform,0.5,0.0,0.0,0.6931471805599453,Mutual + Dummy,unconscious,unconscious,False,Image,False,12,0,4,0
69,01,lh-fusiform,0.5,0.0,0.0,0.6931471805599453,Mutual + Dummy,unconscious,unconscious,False,Image,False,12,0,5,0
70,01,lh-fusiform,0.5,0.0,0.0,0.6931471805599453,Mutual + Dummy,unconscious,unconscious,False,Image,False,12,0,6,0
71,01,lh-fusiform,0.5,0.0,0.0,0.6931471805599453,Mutual + Dummy,unconscious,unconscious,False,Image,False,12,0,8,0
72,01,lh-fusiform,0.5,0.0,0.0,0.6931471805599451,Mutual + Dummy,unconscious,unconscious,False,Image,False,12,0,15,0
73,01,lh-fusiform,0.5,0.0,0.0,0.6931471805599453,Mutual + Dummy,unconscious,unconscious,False,Image,False,12,0,6,0
74,01,lh-fusiform,0.5,0.0,0.0,0.6931471805599453,Mutual + Dummy,unconscious,unconscious,False,Image,False,12,0,10,0
75,01,lh-fusiform,0.5,0.0,0.0,0.6931471805599453,Mutual + Dummy,unconscious,unconscious,False,Image,False,12,0,8,0
76,01,lh-fusiform,0.5,0.0,0.0,0.6931471805599453,Mutual + Dummy,unconscious,unconscious,False,Image,False,12,0,6,0
77,01,lh-fusiform,0.5,0.0,0.0,0.6931471805599453,Mutual + Dummy,unconscious,unconscious,False,Image,False,12,0,2,0
78,01,lh-fusiform,0.5,0.0,0.0,0.6931471805599453,Mutual + Dummy,unconscious,unconscious,False,Image,False,12,0,8,0
79,01,lh-fusiform,0.5,0.0,0.0,0.6931471805599453,Mutual + Dummy,unconscious,unconscious,False,Image,False,12,0,5,0
80,01,lh-fusiform,0.5,0.0,0.0,0.6931471805599453,Mutual + Dummy,unconscious,unconscious,False,Image,False,12,0,11,0
81,01,lh-fusiform,0.5,0.0,0.0,0.6931471805599453,Mutual + Dummy,unconscious,unconscious,False,Image,False,12,0,8,0
82,01,lh-fusiform,0.5,0.0,0.0,0.6931471805599453,Mutual + Dummy,unconscious,unconscious,False,Image,False,12,0,5,0
83,01,lh-fusiform,0.5,0.0,0.0,0.6931471805599453,Mutual + Dummy,unconscious,unconscious,False,Image,False,12,0,5,0
84,01,lh-fusiform,0.5,0.0,0.0,0.6931471805599453,Mutual + Dummy,unconscious,unconscious,False,Image,False,12,0,10,0
85,01,lh-fusiform,0.5,0.0,0.0,0.6931471805599453,Mutual + Dummy,unconscious,unconscious,False,Image,False,12,0,6,0
86,01,lh-fusiform,0.5,0.0,0.0,0.6931471805599453,Mutual + Dummy,unconscious,unconscious,False,Image,False,12,0,8,0
87,01,lh-fusiform,0.5,0.0,0.0,0.6931471805599453,Mutual + Dummy,unconscious,unconscious,False,Image,False,12,0,4,0
88,01,lh-fusiform,0.5,0.0,0.0,0.6931471805599453,Mutual + Dummy,unconscious,unconscious,False,Image,False,12,0,9,0
89,01,lh-fusiform,0.5,0.0,0.0,0.6931471805599453,Mutual + Dummy,unconscious,unconscious,False,Image,False,12,0,8,0
90,01,lh-fusiform,0.5,0.0,0.0,0.6931471805599453,Mutual + Dummy,unconscious,unconscious,False,Image,False,12,0,4,0
91,01,lh-fusiform,0.5,0.0,0.0,0.6931471805599453,Mutual + Dummy,unconscious,unconscious,False,Image,False,12,0,5,0
92,01,lh-fusiform,0.5,0.0,0.0,0.6931471805599453,Mutual + Dummy,unconscious,unconscious,False,Image,False,12,0,7,0
93,01,lh-fusiform,0.5,0.0,0.0,0.6931471805599453,Mutual + Dummy,unconscious,unconscious,False,Image,False,12,0,7,0
94,01,lh-fusiform,0.5,0.0,0.0,0.6931471805599453,Mutual + Dummy,unconscious,unconscious,False,Image,False,12,0,11,0
95,01,lh-fusiform,0.5,0.0,0.0,0.6931471805599453,Mutual + Dummy,unconscious,unconscious,False,Image,False,12,0,6,0
96,01,lh-fusiform,0.5,0.0,0.0,0.6931471805599453,Mutual + Dummy,unconscious,unconscious,False,Image,False,12,0,5,0
97,01,lh-fusiform,0.5,0.0,0.0,0.6931471805599453,Mutual + Dummy,unconscious,unconscious,False,Image,False,16,0,2,0
98,01,lh-fusiform,0.5,0.0,0.0,0.6931471805599453,Mutual + Dummy,unconscious,unconscious,False,Image,False,16,0,8,0
99,01,lh-fusiform,0.5,0.0,0.0,0.693147180559945,Mutual + Dummy,unconscious,unconscious,False,Image,False,16,0,13,0
100,01,lh-fusiform,0.5,0.0,0.0,0.6931471805599452,Mutual + Dummy,unconscious,unconscious,False,Image,False,16,0,9,0
101,01,lh-fusiform,0.5,0.0,0.0,0.6931471805599453,Mutual + Dummy,unconscious,unconscious,False,Image,False,16,0,2,0
102,01,lh-fusiform,0.5,0.0,0.0,0.6931471805599453,Mutual + Dummy,unconscious,unconscious,False,Image,False,16,0,5,0
103,01,lh-fusiform,0.5,0.0,0.0,0.6931471805599453,Mutual + Dummy,unconscious,unconscious,False,Image,False,16,0,8,0
104,01,lh-fusiform,0.5,0.0,0.0,0.6931471805599453,Mutual + Dummy,unconscious,unconscious,False,Image,False,16,0,5,0
105,01,lh-fusiform,0.5,0.0,0.0,0.6931471805599453,Mutual + Dummy,unconscious,unconscious,False,Image,False,16,0,8,0
106,01,lh-fusiform,0.5,0.0,0.0,0.6931471805599452,Mutual + Dummy,unconscious,unconscious,False,Image,False,16,0,9,0
107,01,lh-fusiform,0.5,0.0,0.0,0.6931471805599453,Mutual + Dummy,unconscious,unconscious,False,Image,False,16,0,7,0
108,01,lh-fusiform,0.5,0.0,0.0,0.6931471805599453,Mutual + Dummy,unconscious,unconscious,False,Image,False,16,0,6,0
109,01,lh-fusiform,0.5,0.0,0.0,0.6931471805599451,Mutual + Dummy,unconscious,unconscious,False,Image,False,16,0,11,0
110,01,lh-fusiform,0.5,0.0,0.0,0.6931471805599453,Mutual + Dummy,unconscious,unconscious,False,Image,False,16,0,5,0
111,01,lh-fusiform,0.5,0.0,0.0,0.6931471805599452,Mutual + Dummy,unconscious,unconscious,False,Image,False,16,0,9,0
112,01,lh-fusiform,0.5,0.0,0.0,0.6931471805599453,Mutual + Dummy,unconscious,unconscious,False,Image,False,16,0,6,0
113,01,lh-fusiform,0.5,0.0,0.0,0.6931471805599453,Mutual + Dummy,unconscious,unconscious,False,Image,False,16,0,6,0
114,01,lh-fusiform,0.5,0.0,0.0,0.6931471805599448,Mutual + Dummy,unconscious,unconscious,False,Image,False,16,0,15,0
115,01,lh-fusiform,0.5,0.0,0.0,0.6931471805599452,Mutual + Dummy,unconscious,unconscious,False,Image,False,16,0,10,0
116,01,lh-fusiform,0.5,0.0,0.0,0.6931471805599453,Mutual + Dummy,unconscious,unconscious,False,Image,False,16,0,4,0
117,01,lh-fusiform,0.5,0.0,0.0,0.6931471805599453,Mutual + Dummy,unconscious,unconscious,False,Image,False,16,0,5,0
118,01,lh-fusiform,0.5,0.0,0.0,0.6931471805599453,Mutual + Dummy,unconscious,unconscious,False,Image,False,16,0,6,0
119,01,lh-fusiform,0.5,0.0,0.0,0.6931471805599453,Mutual + Dummy,unconscious,unconscious,False,Image,False,16,0,8,0
120,01,lh-fusiform,0.5,0.0,0.0,0.6931471805599448,Mutual + Dummy,unconscious,unconscious,False,Image,False,16,0,15,0
121,01,lh-fusiform,0.5,0.0,0.0,0.6931471805599453,Mutual + Dummy,unconscious,unconscious,False,Image,False,16,0,6,0
122,01,lh-fusiform,0.5,0.0,0.0,0.6931471805599452,Mutual + Dummy,unconscious,unconscious,False,Image,False,16,0,10,0
123,01,lh-fusiform,0.5,0.0,0.0,0.6931471805599453,Mutual + Dummy,unconscious,unconscious,False,Image,False,16,0,8,0
124,01,lh-fusiform,0.5,0.0,0.0,0.6931471805599453,Mutual + Dummy,unconscious,unconscious,False,Image,False,16,0,6,0
125,01,lh-fusiform,0.5,0.0,0.0,0.6931471805599453,Mutual + Dummy,unconscious,unconscious,False,Image,False,16,0,2,0
126,01,lh-fusiform,0.5,0.0,0.0,0.6931471805599453,Mutual + Dummy,unconscious,unconscious,False,Image,False,16,0,8,0
127,01,lh-fusiform,0.5,0.0,0.0,0.6931471805599453,Mutual + Dummy,unconscious,unconscious,False,Image,False,16,0,5,0
128,01,lh-fusiform,0.5,0.0,0.0,0.6931471805599451,Mutual + Dummy,unconscious,unconscious,False,Image,False,16,0,11,0
129,01,lh-fusiform,0.5,0.0,0.0,0.6931471805599453,Mutual + Dummy,unconscious,unconscious,False,Image,False,16,0,8,0
130,01,lh-fusiform,0.5,0.0,0.0,0.6931471805599453,Mutual + Dummy,unconscious,unconscious,False,Image,False,16,0,5,0
131,01,lh-fusiform,0.5,0.0,0.0,0.6931471805599453,Mutual + Dummy,unconscious,unconscious,False,Image,False,16,0,5,0
132,01,lh-fusiform,0.5,0.0,0.0,0.6931471805599452,Mutual + Dummy,unconscious,unconscious,False,Image,False,16,0,10,0
133,01,lh-fusiform,0.5,0.0,0.0,0.6931471805599453,Mutual + Dummy,unconscious,unconscious,False,Image,False,16,0,6,0
134,01,lh-fusiform,0.5,0.0,0.0,0.6931471805599453,Mutual + Dummy,unconscious,unconscious,False,Image,False,16,0,8,0
135,01,lh-fusiform,0.5,0.0,0.0,0.6931471805599453,Mutual + Dummy,unconscious,unconscious,False,Image,False,16,0,4,0
136,01,lh-fusiform,0.5,0.0,0.0,0.6931471805599452,Mutual + Dummy,unconscious,unconscious,False,Image,False,16,0,9,0
137,01,lh-fusiform,0.5,0.0,0.0,0.6931471805599453,Mutual + Dummy,unconscious,unconscious,False,Image,False,16,0,8,0
138,01,lh-fusiform,0.5,0.0,0.0,0.6931471805599453,Mutual + Dummy,unconscious,unconscious,False,Image,False,16,0,4,0
139,01,lh-fusiform,0.5,0.0,0.0,0.6931471805599453,Mutual + Dummy,unconscious,unconscious,False,Image,False,16,0,5,0
140,01,lh-fusiform,0.5,0.0,0.0,0.6931471805599453,Mutual + Dummy,unconscious,unconscious,False,Image,False,16,0,7,0
141,01,lh-fusiform,0.5,0.0,0.0,0.6931471805599453,Mutual + Dummy,unconscious,unconscious,False,Image,False,16,0,7,0
142,01,lh-fusiform,0.5,0.0,0.0,0.6931471805599451,Mutual + Dummy,unconscious,unconscious,False,Image,False,16,0,11,0
143,01,lh-fusiform,0.5,0.0,0.0,0.6931471805599453,Mutual + Dummy,unconscious,unconscious,False,Image,False,16,0,6,0
144,01,lh-fusiform,0.5,0.0,0.0,0.6931471805599453,Mutual + Dummy,unconscious,unconscious,False,Image,False,16,0,5,0
145,01,lh-fusiform,0.5,0.0,0.0,0.6931471805599453,Mutual + Dummy,unconscious,unconscious,False,Image,False,15,0,2,0
146,01,lh-fusiform,0.5,0.0,0.0,0.6931471805599453,Mutual + Dummy,unconscious,unconscious,False,Image,False,15,0,8,0
147,01,lh-fusiform,0.5,0.0,0.0,0.6931471805599451,Mutual + Dummy,unconscious,unconscious,False,Image,False,15,0,13,0
148,01,lh-fusiform,0.5,0.0,0.0,0.6931471805599453,Mutual + Dummy,unconscious,unconscious,False,Image,False,15,0,9,0
149,01,lh-fusiform,0.5,0.0,0.0,0.6931471805599453,Mutual + Dummy,unconscious,unconscious,False,Image,False,15,0,2,0
150,01,lh-fusiform,0.5,0.0,0.0,0.6931471805599453,Mutual + Dummy,unconscious,unconscious,False,Image,False,15,0,5,0
151,01,lh-fusiform,0.5,0.0,0.0,0.6931471805599453,Mutual + Dummy,unconscious,unconscious,False,Image,False,15,0,8,0
152,01,lh-fusiform,0.5,0.0,0.0,0.6931471805599453,Mutual + Dummy,unconscious,unconscious,False,Image,False,15,0,5,0
153,01,lh-fusiform,0.5,0.0,0.0,0.6931471805599453,Mutual + Dummy,unconscious,unconscious,False,Image,False,15,0,8,0
154,01,lh-fusiform,0.5,0.0,0.0,0.6931471805599453,Mutual + Dummy,unconscious,unconscious,False,Image,False,15,0,9,0
155,01,lh-fusiform,0.5,0.0,0.0,0.6931471805599453,Mutual + Dummy,unconscious,unconscious,False,Image,False,15,0,7,0
156,01,lh-fusiform,0.5,0.0,0.0,0.6931471805599453,Mutual + Dummy,unconscious,unconscious,False,Image,False,15,0,6,0
157,01,lh-fusiform,0.5,0.0,0.0,0.6931471805599452,Mutual + Dummy,unconscious,unconscious,False,Image,False,15,0,11,0
158,01,lh-fusiform,0.5,0.0,0.0,0.6931471805599453,Mutual + Dummy,unconscious,unconscious,False,Image,False,15,0,5,0
159,01,lh-fusiform,0.5,0.0,0.0,0.6931471805599453,Mutual + Dummy,unconscious,unconscious,False,Image,False,15,0,9,0
160,01,lh-fusiform,0.5,0.0,0.0,0.6931471805599453,Mutual + Dummy,unconscious,unconscious,False,Image,False,15,0,6,0
161,01,lh-fusiform,0.5,0.0,0.0,0.6931471805599453,Mutual + Dummy,unconscious,unconscious,False,Image,False,15,0,6,0
162,01,lh-fusiform,0.5,0.0,0.0,0.693147180559945,Mutual + Dummy,unconscious,unconscious,False,Image,False,15,0,15,0
163,01,lh-fusiform,0.5,0.0,0.0,0.6931471805599452,Mutual + Dummy,unconscious,unconscious,False,Image,False,15,0,10,0
164,01,lh-fusiform,0.5,0.0,0.0,0.6931471805599453,Mutual + Dummy,unconscious,unconscious,False,Image,False,15,0,4,0
165,01,lh-fusiform,0.5,0.0,0.0,0.6931471805599453,Mutual + Dummy,unconscious,unconscious,False,Image,False,15,0,5,0
166,01,lh-fusiform,0.5,0.0,0.0,0.6931471805599453,Mutual + Dummy,unconscious,unconscious,False,Image,False,15,0,6,0
167,01,lh-fusiform,0.5,0.0,0.0,0.6931471805599453,Mutual + Dummy,unconscious,unconscious,False,Image,False,15,0,8,0
168,01,lh-fusiform,0.5,0.0,0.0,0.693147180559945,Mutual + Dummy,unconscious,unconscious,False,Image,False,15,0,15,0
169,01,lh-fusiform,0.5,0.0,0.0,0.6931471805599453,Mutual + Dummy,unconscious,unconscious,False,Image,False,15,0,6,0
170,01,lh-fusiform,0.5,0.0,0.0,0.6931471805599452,Mutual + Dummy,unconscious,unconscious,False,Image,False,15,0,10,0
171,01,lh-fusiform,0.5,0.0,0.0,0.6931471805599453,Mutual + Dummy,unconscious,unconscious,False,Image,False,15,0,8,0
172,01,lh-fusiform,0.5,0.0,0.0,0.6931471805599453,Mutual + Dummy,unconscious,unconscious,False,Image,False,15,0,6,0
173,01,lh-fusiform,0.5,0.0,0.0,0.6931471805599453,Mutual + Dummy,unconscious,unconscious,False,Image,False,15,0,2,0
174,01,lh-fusiform,0.5,0.0,0.0,0.6931471805599453,Mutual + Dummy,unconscious,unconscious,False,Image,False,15,0,8,0
175,01,lh-fusiform,0.5,0.0,0.0,0.6931471805599453,Mutual + Dummy,unconscious,unconscious,False,Image,False,15,0,5,0
176,01,lh-fusiform,0.5,0.0,0.0,0.6931471805599452,Mutual + Dummy,unconscious,unconscious,False,Image,False,15,0,11,0
177,01,lh-fusiform,0.5,0.0,0.0,0.6931471805599453,Mutual + Dummy,unconscious,unconscious,False,Image,False,15,0,8,0
178,01,lh-fusiform,0.5,0.0,0.0,0.6931471805599453,Mutual + Dummy,unconscious,unconscious,False,Image,False,15,0,5,0
179,01,lh-fusiform,0.5,0.0,0.0,0.6931471805599453,Mutual + Dummy,unconscious,unconscious,False,Image,False,15,0,5,0
180,01,lh-fusiform,0.5,0.0,0.0,0.6931471805599452,Mutual + Dummy,unconscious,unconscious,False,Image,False,15,0,10,0
181,01,lh-fusiform,0.5,0.0,0.0,0.6931471805599453,Mutual + Dummy,unconscious,unconscious,False,Image,False,15,0,6,0
182,01,lh-fusiform,0.5,0.0,0.0,0.6931471805599453,Mutual + Dummy,unconscious,unconscious,False,Image,False,15,0,8,0
183,01,lh-fusiform,0.5,0.0,0.0,0.6931471805599453,Mutual + Dummy,unconscious,unconscious,False,Image,False,15,0,4,0
184,01,lh-fusiform,0.5,0.0,0.0,0.6931471805599453,Mutual + Dummy,unconscious,unconscious,False,Image,False,15,0,9,0
185,01,lh-fusiform,0.5,0.0,0.0,0.6931471805599453,Mutual + Dummy,unconscious,unconscious,False,Image,False,15,0,8,0
186,01,lh-fusiform,0.5,0.0,0.0,0.6931471805599453,Mutual + Dummy,unconscious,unconscious,False,Image,False,15,0,4,0
187,01,lh-fusiform,0.5,0.0,0.0,0.6931471805599453,Mutual + Dummy,unconscious,unconscious,False,Image,False,15,0,5,0
188,01,lh-fusiform,0.5,0.0,0.0,0.6931471805599453,Mutual + Dummy,unconscious,unconscious,False,Image,False,15,0,7,0
189,01,lh-fusiform,0.5,0.0,0.0,0.6931471805599453,Mutual + Dummy,unconscious,unconscious,False,Image,False,15,0,7,0
190,01,lh-fusiform,0.5,0.0,0.0,0.6931471805599452,Mutual + Dummy,unconscious,unconscious,False,Image,False,15,0,11,0
191,01,lh-fusiform,0.5,0.0,0.0,0.6931471805599453,Mutual + Dummy,unconscious,unconscious,False,Image,False,15,0,6,0
192,01,lh-fusiform,0.5,0.0,0.0,0.6931471805599453,Mutual + Dummy,unconscious,unconscious,False,Image,False,15,0,5,0
193,01,lh-fusiform,0.5,0.0,0.0,0.6931471805599453,Mutual + Dummy,unconscious,unconscious,False,Image,False,14,0,2,0
194,01,lh-fusiform,0.5,0.0,0.0,0.6931471805599453,Mutual + Dummy,unconscious,unconscious,False,Image,False,14,0,8,0
195,01,lh-fusiform,0.5,0.0,0.0,0.6931471805599451,Mutual + Dummy,unconscious,unconscious,False,Image,False,14,0,13,0
196,01,lh-fusiform,0.5,0.0,0.0,0.6931471805599453,Mutual + Dummy,unconscious,unconscious,False,Image,False,14,0,9,0
197,01,lh-fusiform,0.5,0.0,0.0,0.6931471805599453,Mutual + Dummy,unconscious,unconscious,False,Image,False,14,0,2,0
198,01,lh-fusiform,0.5,0.0,0.0,0.6931471805599453,Mutual + Dummy,unconscious,unconscious,False,Image,False,14,0,5,0
199,01,lh-fusiform,0.5,0.0,0.0,0.6931471805599453,Mutual + Dummy,unconscious,unconscious,False,Image,False,14,0,8,0
200,01,lh-fusiform,0.5,0.0,0.0,0.6931471805599453,Mutual + Dummy,unconscious,unconscious,False,Image,False,14,0,5,0
201,01,lh-fusiform,0.5,0.0,0.0,0.6931471805599453,Mutual + Dummy,unconscious,unconscious,False,Image,False,14,0,8,0
202,01,lh-fusiform,0.5,0.0,0.0,0.6931471805599453,Mutual + Dummy,unconscious,unconscious,False,Image,False,14,0,9,0
203,01,lh-fusiform,0.5,0.0,0.0,0.6931471805599453,Mutual + Dummy,unconscious,unconscious,False,Image,False,14,0,7,0
204,01,lh-fusiform,0.5,0.0,0.0,0.6931471805599453,Mutual + Dummy,unconscious,unconscious,False,Image,False,14,0,6,0
205,01,lh-fusiform,0.5,0.0,0.0,0.6931471805599452,Mutual + Dummy,unconscious,unconscious,False,Image,False,14,0,11,0
206,01,lh-fusiform,0.5,0.0,0.0,0.6931471805599453,Mutual + Dummy,unconscious,unconscious,False,Image,False,14,0,5,0
207,01,lh-fusiform,0.5,0.0,0.0,0.6931471805599453,Mutual + Dummy,unconscious,unconscious,False,Image,False,14,0,9,0
208,01,lh-fusiform,0.5,0.0,0.0,0.6931471805599453,Mutual + Dummy,unconscious,unconscious,False,Image,False,14,0,6,0
209,01,lh-fusiform,0.5,0.0,0.0,0.6931471805599453,Mutual + Dummy,unconscious,unconscious,False,Image,False,14,0,6,0
210,01,lh-fusiform,0.5,0.0,0.0,0.693147180559945,Mutual + Dummy,unconscious,unconscious,False,Image,False,14,0,15,0
211,01,lh-fusiform,0.5,0.0,0.0,0.6931471805599453,Mutual + Dummy,unconscious,unconscious,False,Image,False,14,0,10,0
212,01,lh-fusiform,0.5,0.0,0.0,0.6931471805599453,Mutual + Dummy,unconscious,unconscious,False,Image,False,14,0,4,0
213,01,lh-fusiform,0.5,0.0,0.0,0.6931471805599453,Mutual + Dummy,unconscious,unconscious,False,Image,False,14,0,5,0
214,01,lh-fusiform,0.5,0.0,0.0,0.6931471805599453,Mutual + Dummy,unconscious,unconscious,False,Image,False,14,0,6,0
215,01,lh-fusiform,0.5,0.0,0.0,0.6931471805599453,Mutual + Dummy,unconscious,unconscious,False,Image,False,14,0,8,0
216,01,lh-fusiform,0.5,0.0,0.0,0.693147180559945,Mutual + Dummy,unconscious,unconscious,False,Image,False,14,0,15,0
217,01,lh-fusiform,0.5,0.0,0.0,0.6931471805599453,Mutual + Dummy,unconscious,unconscious,False,Image,False,14,0,6,0
218,01,lh-fusiform,0.5,0.0,0.0,0.6931471805599453,Mutual + Dummy,unconscious,unconscious,False,Image,False,14,0,10,0
219,01,lh-fusiform,0.5,0.0,0.0,0.6931471805599453,Mutual + Dummy,unconscious,unconscious,False,Image,False,14,0,8,0
220,01,lh-fusiform,0.5,0.0,0.0,0.6931471805599453,Mutual + Dummy,unconscious,unconscious,False,Image,False,14,0,6,0
221,01,lh-fusiform,0.5,0.0,0.0,0.6931471805599453,Mutual + Dummy,unconscious,unconscious,False,Image,False,14,0,2,0
222,01,lh-fusiform,0.5,0.0,0.0,0.6931471805599453,Mutual + Dummy,unconscious,unconscious,False,Image,False,14,0,8,0
223,01,lh-fusiform,0.5,0.0,0.0,0.6931471805599453,Mutual + Dummy,unconscious,unconscious,False,Image,False,14,0,5,0
224,01,lh-fusiform,0.5,0.0,0.0,0.6931471805599452,Mutual + Dummy,unconscious,unconscious,False,Image,False,14,0,11,0
225,01,lh-fusiform,0.5,0.0,0.0,0.6931471805599453,Mutual + Dummy,unconscious,unconscious,False,Image,False,14,0,8,0
226,01,lh-fusiform,0.5,0.0,0.0,0.6931471805599453,Mutual + Dummy,unconscious,unconscious,False,Image,False,14,0,5,0
227,01,lh-fusiform,0.5,0.0,0.0,0.6931471805599453,Mutual + Dummy,unconscious,unconscious,False,Image,False,14,0,5,0
228,01,lh-fusiform,0.5,0.0,0.0,0.6931471805599453,Mutual + Dummy,unconscious,unconscious,False,Image,False,14,0,10,0
229,01,lh-fusiform,0.5,0.0,0.0,0.6931471805599453,Mutual + Dummy,unconscious,unconscious,False,Image,False,14,0,6,0
230,01,lh-fusiform,0.5,0.0,0.0,0.6931471805599453,Mutual + Dummy,unconscious,unconscious,False,Image,False,14,0,8,0
231,01,lh-fusiform,0.5,0.0,0.0,0.6931471805599453,Mutual + Dummy,unconscious,unconscious,False,Image,False,14,0,4,0
232,01,lh-fusiform,0.5,0.0,0.0,0.6931471805599453,Mutual + Dummy,unconscious,unconscious,False,Image,False,14,0,9,0
233,01,lh-fusiform,0.5,0.0,0.0,0.6931471805599453,Mutual + Dummy,unconscious,unconscious,False,Image,False,14,0,8,0
234,01,lh-fusiform,0.5,0.0,0.0,0.6931471805599453,Mutual + Dummy,unconscious,unconscious,False,Image,False,14,0,4,0
235,01,lh-fusiform,0.5,0.0,0.0,0.6931471805599453,Mutual + Dummy,unconscious,unconscious,False,Image,False,14,0,5,0
236,01,lh-fusiform,0.5,0.0,0.0,0.6931471805599453,Mutual + Dummy,unconscious,unconscious,False,Image,False,14,0,7,0
237,01,lh-fusiform,0.5,0.0,0.0,0.6931471805599453,Mutual + Dummy,unconscious,unconscious,False,Image,False,14,0,7,0
238,01,lh-fusiform,0.5,0.0,0.0,0.6931471805599452,Mutual + Dummy,unconscious,unconscious,False,Image,False,14,0,11,0
239,01,lh-fusiform,0.5,0.0,0.0,0.6931471805599453,Mutual + Dummy,unconscious,unconscious,False,Image,False,14,0,6,0
240,01,lh-fusiform,0.5,0.0,0.0,0.6931471805599453,Mutual + Dummy,unconscious,unconscious,False,Image,False,14,0,5,0
241,01,lh-fusiform,0.5,0.0,0.0,0.6931471805599453,Mutual + Dummy,unconscious,unconscious,False,Image,False,10,0,2,0
242,01,lh-fusiform,0.5,0.0,0.0,0.6931471805599453,Mutual + Dummy,unconscious,unconscious,False,Image,False,10,0,8,0
243,01,lh-fusiform,0.5,0.0,0.0,0.6931471805599453,Mutual + Dummy,unconscious,unconscious,False,Image,False,10,0,13,0
244,01,lh-fusiform,0.5,0.0,0.0,0.6931471805599453,Mutual + Dummy,unconscious,unconscious,False,Image,False,10,0,9,0
245,01,lh-fusiform,0.5,0.0,0.0,0.6931471805599453,Mutual + Dummy,unconscious,unconscious,False,Image,False,10,0,2,0
246,01,lh-fusiform,0.5,0.0,0.0,0.6931471805599453,Mutual + Dummy,unconscious,unconscious,False,Image,False,10,0,5,0
247,01,lh-fusiform,0.5,0.0,0.0,0.6931471805599453,Mutual + Dummy,unconscious,unconscious,False,Image,False,10,0,8,0
248,01,lh-fusiform,0.5,0.0,0.0,0.6931471805599453,Mutual + Dummy,unconscious,unconscious,False,Image,False,10,0,5,0
249,01,lh-fusiform,0.5,0.0,0.0,0.6931471805599453,Mutual + Dummy,unconscious,unconscious,False,Image,False,10,0,8,0
250,01,lh-fusiform,0.5,0.0,0.0,0.6931471805599453,Mutual + Dummy,unconscious,unconscious,False,Image,False,10,0,9,0
251,01,lh-fusiform,0.5,0.0,0.0,0.6931471805599453,Mutual + Dummy,unconscious,unconscious,False,Image,False,10,0,7,0
252,01,lh-fusiform,0.5,0.0,0.0,0.6931471805599453,Mutual + Dummy,unconscious,unconscious,False,Image,False,10,0,6,0
253,01,lh-fusiform,0.5,0.0,0.0,0.6931471805599453,Mutual + Dummy,unconscious,unconscious,False,Image,False,10,0,11,0
254,01,lh-fusiform,0.5,0.0,0.0,0.6931471805599453,Mutual + Dummy,unconscious,unconscious,False,Image,False,10,0,5,0
255,01,lh-fusiform,0.5,0.0,0.0,0.6931471805599453,Mutual + Dummy,unconscious,unconscious,False,Image,False,10,0,9,0
256,01,lh-fusiform,0.5,0.0,0.0,0.6931471805599453,Mutual + Dummy,unconscious,unconscious,False,Image,False,10,0,6,0
257,01,lh-fusiform,0.5,0.0,0.0,0.6931471805599453,Mutual + Dummy,unconscious,unconscious,False,Image,False,10,0,6,0
258,01,lh-fusiform,0.5,0.0,0.0,0.6931471805599452,Mutual + Dummy,unconscious,unconscious,False,Image,False,10,0,15,0
259,01,lh-fusiform,0.5,0.0,0.0,0.6931471805599453,Mutual + Dummy,unconscious,unconscious,False,Image,False,10,0,10,0
260,01,lh-fusiform,0.5,0.0,0.0,0.6931471805599453,Mutual + Dummy,unconscious,unconscious,False,Image,False,10,0,4,0
261,01,lh-fusiform,0.5,0.0,0.0,0.6931471805599453,Mutual + Dummy,unconscious,unconscious,False,Image,False,10,0,5,0
262,01,lh-fusiform,0.5,0.0,0.0,0.6931471805599453,Mutual + Dummy,unconscious,unconscious,False,Image,False,10,0,6,0
263,01,lh-fusiform,0.5,0.0,0.0,0.6931471805599453,Mutual + Dummy,unconscious,unconscious,False,Image,False,10,0,8,0
264,01,lh-fusiform,0.5,0.0,0.0,0.6931471805599452,Mutual + Dummy,unconscious,unconscious,False,Image,False,10,0,15,0
265,01,lh-fusiform,0.5,0.0,0.0,0.6931471805599453,Mutual + Dummy,unconscious,unconscious,False,Image,False,10,0,6,0
266,01,lh-fusiform,0.5,0.0,0.0,0.6931471805599453,Mutual + Dummy,unconscious,unconscious,False,Image,False,10,0,10,0
267,01,lh-fusiform,0.5,0.0,0.0,0.6931471805599453,Mutual + Dummy,unconscious,unconscious,False,Image,False,10,0,8,0
268,01,lh-fusiform,0.5,0.0,0.0,0.6931471805599453,Mutual + Dummy,unconscious,unconscious,False,Image,False,10,0,6,0
269,01,lh-fusiform,0.5,0.0,0.0,0.6931471805599453,Mutual + Dummy,unconscious,unconscious,False,Image,False,10,0,2,0
270,01,lh-fusiform,0.5,0.0,0.0,0.6931471805599453,Mutual + Dummy,unconscious,unconscious,False,Image,False,10,0,8,0
271,01,lh-fusiform,0.5,0.0,0.0,0.6931471805599453,Mutual + Dummy,unconscious,unconscious,False,Image,False,10,0,5,0
272,01,lh-fusiform,0.5,0.0,0.0,0.6931471805599453,Mutual + Dummy,unconscious,unconscious,False,Image,False,10,0,11,0
273,01,lh-fusiform,0.5,0.0,0.0,0.6931471805599453,Mutual + Dummy,unconscious,unconscious,False,Image,False,10,0,8,0
274,01,lh-fusiform,0.5,0.0,0.0,0.6931471805599453,Mutual + Dummy,unconscious,unconscious,False,Image,False,10,0,5,0
275,01,lh-fusiform,0.5,0.0,0.0,0.6931471805599453,Mutual + Dummy,unconscious,unconscious,False,Image,False,10,0,5,0
276,01,lh-fusiform,0.5,0.0,0.0,0.6931471805599453,Mutual + Dummy,unconscious,unconscious,False,Image,False,10,0,10,0
277,01,lh-fusiform,0.5,0.0,0.0,0.6931471805599453,Mutual + Dummy,unconscious,unconscious,False,Image,False,10,0,6,0
278,01,lh-fusiform,0.5,0.0,0.0,0.6931471805599453,Mutual + Dummy,unconscious,unconscious,False,Image,False,10,0,8,0
279,01,lh-fusiform,0.5,0.0,0.0,0.6931471805599453,Mutual + Dummy,unconscious,unconscious,False,Image,False,10,0,4,0
280,01,lh-fusiform,0.5,0.0,0.0,0.6931471805599453,Mutual + Dummy,unconscious,unconscious,False,Image,False,10,0,9,0
281,01,lh-fusiform,0.5,0.0,0.0,0.6931471805599453,Mutual + Dummy,unconscious,unconscious,False,Image,False,10,0,8,0
282,01,lh-fusiform,0.5,0.0,0.0,0.6931471805599453,Mutual + Dummy,unconscious,unconscious,False,Image,False,10,0,4,0
283,01,lh-fusiform,0.5,0.0,0.0,0.6931471805599453,Mutual + Dummy,unconscious,unconscious,False,Image,False,10,0,5,0
284,01,lh-fusiform,0.5,0.0,0.0,0.6931471805599453,Mutual + Dummy,unconscious,unconscious,False,Image,False,10,0,7,0
285,01,lh-fusiform,0.5,0.0,0.0,0.6931471805599453,Mutual + Dummy,unconscious,unconscious,False,Image,False,10,0,7,0
286,01,lh-fusiform,0.5,0.0,0.0,0.6931471805599453,Mutual + Dummy,unconscious,unconscious,False,Image,False,10,0,11,0
287,01,lh-fusiform,0.5,0.0,0.0,0.6931471805599453,Mutual + Dummy,unconscious,unconscious,False,Image,False,10,0,6,0
288,01,lh-fusiform,0.5,0.0,0.0,0.6931471805599453,Mutual + Dummy,unconscious,unconscious,False,Image,False,10,0,5,0
289,01,lh-fusiform,0.5,0.0,0.0,0.6931471805599453,Mutual + Dummy,unconscious,unconscious,False,Image,False,3,0,2,0
290,01,lh-fusiform,0.5,0.0,0.0,0.6931471805599453,Mutual + Dummy,unconscious,unconscious,False,Image,False,3,0,8,0
291,01,lh-fusiform,0.5,0.0,0.0,0.6931471805599453,Mutual + Dummy,unconscious,unconscious,False,Image,False,3,0,13,0
292,01,lh-fusiform,0.5,0.0,0.0,0.6931471805599453,Mutual + Dummy,unconscious,unconscious,False,Image,False,3,0,9,0
293,01,lh-fusiform,0.5,0.0,0.0,0.6931471805599453,Mutual + Dummy,unconscious,unconscious,False,Image,False,3,0,2,0
294,01,lh-fusiform,0.5,0.0,0.0,0.6931471805599453,Mutual + Dummy,unconscious,unconscious,False,Image,False,3,0,5,0
295,01,lh-fusiform,0.5,0.0,0.0,0.6931471805599453,Mutual + Dummy,unconscious,unconscious,False,Image,False,3,0,8,0
296,01,lh-fusiform,0.5,0.0,0.0,0.6931471805599453,Mutual + Dummy,unconscious,unconscious,False,Image,False,3,0,5,0
297,01,lh-fusiform,0.5,0.0,0.0,0.6931471805599453,Mutual + Dummy,unconscious,unconscious,False,Image,False,3,0,8,0
298,01,lh-fusiform,0.5,0.0,0.0,0.6931471805599453,Mutual + Dummy,unconscious,unconscious,False,Image,False,3,0,9,0
299,01,lh-fusiform,0.5,0.0,0.0,0.6931471805599453,Mutual + Dummy,unconscious,unconscious,False,Image,False,3,0,7,0
300,01,lh-fusiform,0.5,0.0,0.0,0.6931471805599453,Mutual + Dummy,unconscious,unconscious,False,Image,False,3,0,6,0
301,01,lh-fusiform,0.5,0.0,0.0,0.6931471805599453,Mutual + Dummy,unconscious,unconscious,False,Image,False,3,0,11,0
302,01,lh-fusiform,0.5,0.0,0.0,0.6931471805599453,Mutual + Dummy,unconscious,unconscious,False,Image,False,3,0,5,0
303,01,lh-fusiform,0.5,0.0,0.0,0.6931471805599453,Mutual + Dummy,unconscious,unconscious,False,Image,False,3,0,9,0
304,01,lh-fusiform,0.5,0.0,0.0,0.6931471805599453,Mutual + Dummy,unconscious,unconscious,False,Image,False,3,0,6,0
305,01,lh-fusiform,0.5,0.0,0.0,0.6931471805599453,Mutual + Dummy,unconscious,unconscious,False,Image,False,3,0,6,0
306,01,lh-fusiform,0.5,0.0,0.0,0.6931471805599453,Mutual + Dummy,unconscious,unconscious,False,Image,False,3,0,15,0
307,01,lh-fusiform,0.5,0.0,0.0,0.6931471805599453,Mutual + Dummy,unconscious,unconscious,False,Image,False,3,0,10,0
308,01,lh-fusiform,0.5,0.0,0.0,0.6931471805599453,Mutual + Dummy,unconscious,unconscious,False,Image,False,3,0,4,0
309,01,lh-fusiform,0.5,0.0,0.0,0.6931471805599453,Mutual + Dummy,unconscious,unconscious,False,Image,False,3,0,5,0
310,01,lh-fusiform,0.5,0.0,0.0,0.6931471805599453,Mutual + Dummy,unconscious,unconscious,False,Image,False,3,0,6,0
311,01,lh-fusiform,0.5,0.0,0.0,0.6931471805599453,Mutual + Dummy,unconscious,unconscious,False,Image,False,3,0,8,0
312,01,lh-fusiform,0.5,0.0,0.0,0.6931471805599453,Mutual + Dummy,unconscious,unconscious,False,Image,False,3,0,15,0
313,01,lh-fusiform,0.5,0.0,0.0,0.6931471805599453,Mutual + Dummy,unconscious,unconscious,False,Image,False,3,0,6,0
314,01,lh-fusiform,0.5,0.0,0.0,0.6931471805599453,Mutual + Dummy,unconscious,unconscious,False,Image,False,3,0,10,0
315,01,lh-fusiform,0.5,0.0,0.0,0.6931471805599453,Mutual + Dummy,unconscious,unconscious,False,Image,False,3,0,8,0
316,01,lh-fusiform,0.5,0.0,0.0,0.6931471805599453,Mutual + Dummy,unconscious,unconscious,False,Image,False,3,0,6,0
317,01,lh-fusiform,0.5,0.0,0.0,0.6931471805599453,Mutual + Dummy,unconscious,unconscious,False,Image,False,3,0,2,0
318,01,lh-fusiform,0.5,0.0,0.0,0.6931471805599453,Mutual + Dummy,unconscious,unconscious,False,Image,False,3,0,8,0
319,01,lh-fusiform,0.5,0.0,0.0,0.6931471805599453,Mutual + Dummy,unconscious,unconscious,False,Image,False,3,0,5,0
320,01,lh-fusiform,0.5,0.0,0.0,0.6931471805599453,Mutual + Dummy,unconscious,unconscious,False,Image,False,3,0,11,0
321,01,lh-fusiform,0.5,0.0,0.0,0.6931471805599453,Mutual + Dummy,unconscious,unconscious,False,Image,False,3,0,8,0
322,01,lh-fusiform,0.5,0.0,0.0,0.6931471805599453,Mutual + Dummy,unconscious,unconscious,False,Image,False,3,0,5,0
323,01,lh-fusiform,0.5,0.0,0.0,0.6931471805599453,Mutual + Dummy,unconscious,unconscious,False,Image,False,3,0,5,0
324,01,lh-fusiform,0.5,0.0,0.0,0.6931471805599453,Mutual + Dummy,unconscious,unconscious,False,Image,False,3,0,10,0
325,01,lh-fusiform,0.5,0.0,0.0,0.6931471805599453,Mutual + Dummy,unconscious,unconscious,False,Image,False,3,0,6,0
326,01,lh-fusiform,0.5,0.0,0.0,0.6931471805599453,Mutual + Dummy,unconscious,unconscious,False,Image,False,3,0,8,0
327,01,lh-fusiform,0.5,0.0,0.0,0.6931471805599453,Mutual + Dummy,unconscious,unconscious,False,Image,False,3,0,4,0
328,01,lh-fusiform,0.5,0.0,0.0,0.6931471805599453,Mutual + Dummy,unconscious,unconscious,False,Image,False,3,0,9,0
329,01,lh-fusiform,0.5,0.0,0.0,0.6931471805599453,Mutual + Dummy,unconscious,unconscious,False,Image,False,3,0,8,0
330,01,lh-fusiform,0.5,0.0,0.0,0.6931471805599453,Mutual + Dummy,unconscious,unconscious,False,Image,False,3,0,4,0
331,01,lh-fusiform,0.5,0.0,0.0,0.6931471805599453,Mutual + Dummy,unconscious,unconscious,False,Image,False,3,0,5,0
332,01,lh-fusiform,0.5,0.0,0.0,0.6931471805599453,Mutual + Dummy,unconscious,unconscious,False,Image,False,3,0,7,0
333,01,lh-fusiform,0.5,0.0,0.0,0.6931471805599453,Mutual + Dummy,unconscious,unconscious,False,Image,False,3,0,7,0
334,01,lh-fusiform,0.5,0.0,0.0,0.6931471805599453,Mutual + Dummy,unconscious,unconscious,False,Image,False,3,0,11,0
335,01,lh-fusiform,0.5,0.0,0.0,0.6931471805599453,Mutual + Dummy,unconscious,unconscious,False,Image,False,3,0,6,0
336,01,lh-fusiform,0.5,0.0,0.0,0.6931471805599453,Mutual + Dummy,unconscious,unconscious,False,Image,False,3,0,5,0
337,01,lh-fusiform,0.5,0.0,0.0,0.6931471805599453,Mutual + Dummy,unconscious,unconscious,False,Image,False,9,0,2,0
338,01,lh-fusiform,0.5,0.0,0.0,0.6931471805599453,Mutual + Dummy,unconscious,unconscious,False,Image,False,9,0,8,0
339,01,lh-fusiform,0.5,0.0,0.0,0.6931471805599453,Mutual + Dummy,unconscious,unconscious,False,Image,False,9,0,13,0
340,01,lh-fusiform,0.5,0.0,0.0,0.6931471805599453,Mutual + Dummy,unconscious,unconscious,False,Image,False,9,0,9,0
341,01,lh-fusiform,0.5,0.0,0.0,0.6931471805599453,Mutual + Dummy,unconscious,unconscious,False,Image,False,9,0,2,0
342,01,lh-fusiform,0.5,0.0,0.0,0.6931471805599453,Mutual + Dummy,unconscious,unconscious,False,Image,False,9,0,5,0
343,01,lh-fusiform,0.5,0.0,0.0,0.6931471805599453,Mutual + Dummy,unconscious,unconscious,False,Image,False,9,0,8,0
344,01,lh-fusiform,0.5,0.0,0.0,0.6931471805599453,Mutual + Dummy,unconscious,unconscious,False,Image,False,9,0,5,0
345,01,lh-fusiform,0.5,0.0,0.0,0.6931471805599453,Mutual + Dummy,unconscious,unconscious,False,Image,False,9,0,8,0
346,01,lh-fusiform,0.5,0.0,0.0,0.6931471805599453,Mutual + Dummy,unconscious,unconscious,False,Image,False,9,0,9,0
347,01,lh-fusiform,0.5,0.0,0.0,0.6931471805599453,Mutual + Dummy,unconscious,unconscious,False,Image,False,9,0,7,0
348,01,lh-fusiform,0.5,0.0,0.0,0.6931471805599453,Mutual + Dummy,unconscious,unconscious,False,Image,False,9,0,6,0
349,01,lh-fusiform,0.5,0.0,0.0,0.6931471805599453,Mutual + Dummy,unconscious,unconscious,False,Image,False,9,0,11,0
350,01,lh-fusiform,0.5,0.0,0.0,0.6931471805599453,Mutual + Dummy,unconscious,unconscious,False,Image,False,9,0,5,0
351,01,lh-fusiform,0.5,0.0,0.0,0.6931471805599453,Mutual + Dummy,unconscious,unconscious,False,Image,False,9,0,9,0
352,01,lh-fusiform,0.5,0.0,0.0,0.6931471805599453,Mutual + Dummy,unconscious,unconscious,False,Image,False,9,0,6,0
353,01,lh-fusiform,0.5,0.0,0.0,0.6931471805599453,Mutual + Dummy,unconscious,unconscious,False,Image,False,9,0,6,0
354,01,lh-fusiform,0.5,0.0,0.0,0.6931471805599453,Mutual + Dummy,unconscious,unconscious,False,Image,False,9,0,15,0
355,01,lh-fusiform,0.5,0.0,0.0,0.6931471805599453,Mutual + Dummy,unconscious,unconscious,False,Image,False,9,0,10,0
356,01,lh-fusiform,0.5,0.0,0.0,0.6931471805599453,Mutual + Dummy,unconscious,unconscious,False,Image,False,9,0,4,0
357,01,lh-fusiform,0.5,0.0,0.0,0.6931471805599453,Mutual + Dummy,unconscious,unconscious,False,Image,False,9,0,5,0
358,01,lh-fusiform,0.5,0.0,0.0,0.6931471805599453,Mutual + Dummy,unconscious,unconscious,False,Image,False,9,0,6,0
359,01,lh-fusiform,0.5,0.0,0.0,0.6931471805599453,Mutual + Dummy,unconscious,unconscious,False,Image,False,9,0,8,0
360,01,lh-fusiform,0.5,0.0,0.0,0.6931471805599453,Mutual + Dummy,unconscious,unconscious,False,Image,False,9,0,15,0
361,01,lh-fusiform,0.5,0.0,0.0,0.6931471805599453,Mutual + Dummy,unconscious,unconscious,False,Image,False,9,0,6,0
362,01,lh-fusiform,0.5,0.0,0.0,0.6931471805599453,Mutual + Dummy,unconscious,unconscious,False,Image,False,9,0,10,0
363,01,lh-fusiform,0.5,0.0,0.0,0.6931471805599453,Mutual + Dummy,unconscious,unconscious,False,Image,False,9,0,8,0
364,01,lh-fusiform,0.5,0.0,0.0,0.6931471805599453,Mutual + Dummy,unconscious,unconscious,False,Image,False,9,0,6,0
365,01,lh-fusiform,0.5,0.0,0.0,0.6931471805599453,Mutual + Dummy,unconscious,unconscious,False,Image,False,9,0,2,0
366,01,lh-fusiform,0.5,0.0,0.0,0.6931471805599453,Mutual + Dummy,unconscious,unconscious,False,Image,False,9,0,8,0
367,01,lh-fusiform,0.5,0.0,0.0,0.6931471805599453,Mutual + Dummy,unconscious,unconscious,False,Image,False,9,0,5,0
368,01,lh-fusiform,0.5,0.0,0.0,0.6931471805599453,Mutual + Dummy,unconscious,unconscious,False,Image,False,9,0,11,0
369,01,lh-fusiform,0.5,0.0,0.0,0.6931471805599453,Mutual + Dummy,unconscious,unconscious,False,Image,False,9,0,8,0
370,01,lh-fusiform,0.5,0.0,0.0,0.6931471805599453,Mutual + Dummy,unconscious,unconscious,False,Image,False,9,0,5,0
371,01,lh-fusiform,0.5,0.0,0.0,0.6931471805599453,Mutual + Dummy,unconscious,unconscious,False,Image,False,9,0,5,0
372,01,lh-fusiform,0.5,0.0,0.0,0.6931471805599453,Mutual + Dummy,unconscious,unconscious,False,Image,False,9,0,10,0
373,01,lh-fusiform,0.5,0.0,0.0,0.6931471805599453,Mutual + Dummy,unconscious,unconscious,False,Image,False,9,0,6,0
374,01,lh-fusiform,0.5,0.0,0.0,0.6931471805599453,Mutual + Dummy,unconscious,unconscious,False,Image,False,9,0,8,0
375,01,lh-fusiform,0.5,0.0,0.0,0.6931471805599453,Mutual + Dummy,unconscious,unconscious,False,Image,False,9,0,4,0
376,01,lh-fusiform,0.5,0.0,0.0,0.6931471805599453,Mutual + Dummy,unconscious,unconscious,False,Image,False,9,0,9,0
377,01,lh-fusiform,0.5,0.0,0.0,0.6931471805599453,Mutual + Dummy,unconscious,unconscious,False,Image,False,9,0,8,0
378,01,lh-fusiform,0.5,0.0,0.0,0.6931471805599453,Mutual + Dummy,unconscious,unconscious,False,Image,False,9,0,4,0
379,01,lh-fusiform,0.5,0.0,0.0,0.6931471805599453,Mutual + Dummy,unconscious,unconscious,False,Image,False,9,0,5,0
380,01,lh-fusiform,0.5,0.0,0.0,0.6931471805599453,Mutual + Dummy,unconscious,unconscious,False,Image,False,9,0,7,0
381,01,lh-fusiform,0.5,0.0,0.0,0.6931471805599453,Mutual + Dummy,unconscious,unconscious,False,Image,False,9,0,7,0
382,01,lh-fusiform,0.5,0.0,0.0,0.6931471805599453,Mutual + Dummy,unconscious,unconscious,False,Image,False,9,0,11,0
383,01,lh-fusiform,0.5,0.0,0.0,0.6931471805599453,Mutual + Dummy,unconscious,unconscious,False,Image,False,9,0,6,0
384,01,lh-fusiform,0.5,0.0,0.0,0.6931471805599453,Mutual + Dummy,unconscious,unconscious,False,Image,False,9,0,5,0
385,01,lh-fusiform,0.5,0.0,0.0,0.6931471805599453,Mutual + Dummy,unconscious,unconscious,False,Image,False,8,0,2,0
386,01,lh-fusiform,0.5,0.0,0.0,0.6931471805599453,Mutual + Dummy,unconscious,unconscious,False,Image,False,8,0,8,0
387,01,lh-fusiform,0.5,0.0,0.0,0.6931471805599453,Mutual + Dummy,unconscious,unconscious,False,Image,False,8,0,13,0
388,01,lh-fusiform,0.5,0.0,0.0,0.6931471805599453,Mutual + Dummy,unconscious,unconscious,False,Image,False,8,0,9,0
389,01,lh-fusiform,0.5,0.0,0.0,0.6931471805599453,Mutual + Dummy,unconscious,unconscious,False,Image,False,8,0,2,0
390,01,lh-fusiform,0.5,0.0,0.0,0.6931471805599453,Mutual + Dummy,unconscious,unconscious,False,Image,False,8,0,5,0
391,01,lh-fusiform,0.5,0.0,0.0,0.6931471805599453,Mutual + Dummy,unconscious,unconscious,False,Image,False,8,0,8,0
392,01,lh-fusiform,0.5,0.0,0.0,0.6931471805599453,Mutual + Dummy,unconscious,unconscious,False,Image,False,8,0,5,0
393,01,lh-fusiform,0.5,0.0,0.0,0.6931471805599453,Mutual + Dummy,unconscious,unconscious,False,Image,False,8,0,8,0
394,01,lh-fusiform,0.5,0.0,0.0,0.6931471805599453,Mutual + Dummy,unconscious,unconscious,False,Image,False,8,0,9,0
395,01,lh-fusiform,0.5,0.0,0.0,0.6931471805599453,Mutual + Dummy,unconscious,unconscious,False,Image,False,8,0,7,0
396,01,lh-fusiform,0.5,0.0,0.0,0.6931471805599453,Mutual + Dummy,unconscious,unconscious,False,Image,False,8,0,6,0
397,01,lh-fusiform,0.5,0.0,0.0,0.6931471805599453,Mutual + Dummy,unconscious,unconscious,False,Image,False,8,0,11,0
398,01,lh-fusiform,0.5,0.0,0.0,0.6931471805599453,Mutual + Dummy,unconscious,unconscious,False,Image,False,8,0,5,0
399,01,lh-fusiform,0.5,0.0,0.0,0.6931471805599453,Mutual + Dummy,unconscious,unconscious,False,Image,False,8,0,9,0
400,01,lh-fusiform,0.5,0.0,0.0,0.6931471805599453,Mutual + Dummy,unconscious,unconscious,False,Image,False,8,0,6,0
401,01,lh-fusiform,0.5,0.0,0.0,0.6931471805599453,Mutual + Dummy,unconscious,unconscious,False,Image,False,8,0,6,0
402,01,lh-fusiform,0.5,0.0,0.0,0.6931471805599453,Mutual + Dummy,unconscious,unconscious,False,Image,False,8,0,15,0
403,01,lh-fusiform,0.5,0.0,0.0,0.6931471805599453,Mutual + Dummy,unconscious,unconscious,False,Image,False,8,0,10,0
404,01,lh-fusiform,0.5,0.0,0.0,0.6931471805599453,Mutual + Dummy,unconscious,unconscious,False,Image,False,8,0,4,0
405,01,lh-fusiform,0.5,0.0,0.0,0.6931471805599453,Mutual + Dummy,unconscious,unconscious,False,Image,False,8,0,5,0
406,01,lh-fusiform,0.5,0.0,0.0,0.6931471805599453,Mutual + Dummy,unconscious,unconscious,False,Image,False,8,0,6,0
407,01,lh-fusiform,0.5,0.0,0.0,0.6931471805599453,Mutual + Dummy,unconscious,unconscious,False,Image,False,8,0,8,0
408,01,lh-fusiform,0.5,0.0,0.0,0.6931471805599453,Mutual + Dummy,unconscious,unconscious,False,Image,False,8,0,15,0
409,01,lh-fusiform,0.5,0.0,0.0,0.6931471805599453,Mutual + Dummy,unconscious,unconscious,False,Image,False,8,0,6,0
410,01,lh-fusiform,0.5,0.0,0.0,0.6931471805599453,Mutual + Dummy,unconscious,unconscious,False,Image,False,8,0,10,0
411,01,lh-fusiform,0.5,0.0,0.0,0.6931471805599453,Mutual + Dummy,unconscious,unconscious,False,Image,False,8,0,8,0
412,01,lh-fusiform,0.5,0.0,0.0,0.6931471805599453,Mutual + Dummy,unconscious,unconscious,False,Image,False,8,0,6,0
413,01,lh-fusiform,0.5,0.0,0.0,0.6931471805599453,Mutual + Dummy,unconscious,unconscious,False,Image,False,8,0,2,0
414,01,lh-fusiform,0.5,0.0,0.0,0.6931471805599453,Mutual + Dummy,unconscious,unconscious,False,Image,False,8,0,8,0
415,01,lh-fusiform,0.5,0.0,0.0,0.6931471805599453,Mutual + Dummy,unconscious,unconscious,False,Image,False,8,0,5,0
416,01,lh-fusiform,0.5,0.0,0.0,0.6931471805599453,Mutual + Dummy,unconscious,unconscious,False,Image,False,8,0,11,0
417,01,lh-fusiform,0.5,0.0,0.0,0.6931471805599453,Mutual + Dummy,unconscious,unconscious,False,Image,False,8,0,8,0
418,01,lh-fusiform,0.5,0.0,0.0,0.6931471805599453,Mutual + Dummy,unconscious,unconscious,False,Image,False,8,0,5,0
419,01,lh-fusiform,0.5,0.0,0.0,0.6931471805599453,Mutual + Dummy,unconscious,unconscious,False,Image,False,8,0,5,0
420,01,lh-fusiform,0.5,0.0,0.0,0.6931471805599453,Mutual + Dummy,unconscious,unconscious,False,Image,False,8,0,10,0
421,01,lh-fusiform,0.5,0.0,0.0,0.6931471805599453,Mutual + Dummy,unconscious,unconscious,False,Image,False,8,0,6,0
422,01,lh-fusiform,0.5,0.0,0.0,0.6931471805599453,Mutual + Dummy,unconscious,unconscious,False,Image,False,8,0,8,0
423,01,lh-fusiform,0.5,0.0,0.0,0.6931471805599453,Mutual + Dummy,unconscious,unconscious,False,Image,False,8,0,4,0
424,01,lh-fusiform,0.5,0.0,0.0,0.6931471805599453,Mutual + Dummy,unconscious,unconscious,False,Image,False,8,0,9,0
425,01,lh-fusiform,0.5,0.0,0.0,0.6931471805599453,Mutual + Dummy,unconscious,unconscious,False,Image,False,8,0,8,0
426,01,lh-fusiform,0.5,0.0,0.0,0.6931471805599453,Mutual + Dummy,unconscious,unconscious,False,Image,False,8,0,4,0
427,01,lh-fusiform,0.5,0.0,0.0,0.6931471805599453,Mutual + Dummy,unconscious,unconscious,False,Image,False,8,0,5,0
428,01,lh-fusiform,0.5,0.0,0.0,0.6931471805599453,Mutual + Dummy,unconscious,unconscious,False,Image,False,8,0,7,0
429,01,lh-fusiform,0.5,0.0,0.0,0.6931471805599453,Mutual + Dummy,unconscious,unconscious,False,Image,False,8,0,7,0
430,01,lh-fusiform,0.5,0.0,0.0,0.6931471805599453,Mutual + Dummy,unconscious,unconscious,False,Image,False,8,0,11,0
431,01,lh-fusiform,0.5,0.0,0.0,0.6931471805599453,Mutual + Dummy,unconscious,unconscious,False,Image,False,8,0,6,0
432,01,lh-fusiform,0.5,0.0,0.0,0.6931471805599453,Mutual + Dummy,unconscious,unconscious,False,Image,False,8,0,5,0
433,01,lh-fusiform,0.5,0.0,0.0,0.6931471805599453,Mutual + Dummy,unconscious,unconscious,False,Image,False,8,0,2,0
434,01,lh-fusiform,0.5,0.0,0.0,0.6931471805599453,Mutual + Dummy,unconscious,unconscious,False,Image,False,8,0,8,0
435,01,lh-fusiform,0.5,0.0,0.0,0.6931471805599453,Mutual + Dummy,unconscious,unconscious,False,Image,False,8,0,13,0
436,01,lh-fusiform,0.5,0.0,0.0,0.6931471805599453,Mutual + Dummy,unconscious,unconscious,False,Image,False,8,0,9,0
437,01,lh-fusiform,0.5,0.0,0.0,0.6931471805599453,Mutual + Dummy,unconscious,unconscious,False,Image,False,8,0,2,0
438,01,lh-fusiform,0.5,0.0,0.0,0.6931471805599453,Mutual + Dummy,unconscious,unconscious,False,Image,False,8,0,5,0
439,01,lh-fusiform,0.5,0.0,0.0,0.6931471805599453,Mutual + Dummy,unconscious,unconscious,False,Image,False,8,0,8,0
440,01,lh-fusiform,0.5,0.0,0.0,0.6931471805599453,Mutual + Dummy,unconscious,unconscious,False,Image,False,8,0,5,0
441,01,lh-fusiform,0.5,0.0,0.0,0.6931471805599453,Mutual + Dummy,unconscious,unconscious,False,Image,False,8,0,8,0
442,01,lh-fusiform,0.5,0.0,0.0,0.6931471805599453,Mutual + Dummy,unconscious,unconscious,False,Image,False,8,0,9,0
443,01,lh-fusiform,0.5,0.0,0.0,0.6931471805599453,Mutual + Dummy,unconscious,unconscious,False,Image,False,8,0,7,0
444,01,lh-fusiform,0.5,0.0,0.0,0.6931471805599453,Mutual + Dummy,unconscious,unconscious,False,Image,False,8,0,6,0
445,01,lh-fusiform,0.5,0.0,0.0,0.6931471805599453,Mutual + Dummy,unconscious,unconscious,False,Image,False,8,0,11,0
446,01,lh-fusiform,0.5,0.0,0.0,0.6931471805599453,Mutual + Dummy,unconscious,unconscious,False,Image,False,8,0,5,0
447,01,lh-fusiform,0.5,0.0,0.0,0.6931471805599453,Mutual + Dummy,unconscious,unconscious,False,Image,False,8,0,9,0
448,01,lh-fusiform,0.5,0.0,0.0,0.6931471805599453,Mutual + Dummy,unconscious,unconscious,False,Image,False,8,0,6,0
449,01,lh-fusiform,0.5,0.0,0.0,0.6931471805599453,Mutual + Dummy,unconscious,unconscious,False,Image,False,8,0,6,0
450,01,lh-fusiform,0.5,0.0,0.0,0.6931471805599453,Mutual + Dummy,unconscious,unconscious,False,Image,False,8,0,15,0
451,01,lh-fusiform,0.5,0.0,0.0,0.6931471805599453,Mutual + Dummy,unconscious,unconscious,False,Image,False,8,0,10,0
452,01,lh-fusiform,0.5,0.0,0.0,0.6931471805599453,Mutual + Dummy,unconscious,unconscious,False,Image,False,8,0,4,0
453,01,lh-fusiform,0.5,0.0,0.0,0.6931471805599453,Mutual + Dummy,unconscious,unconscious,False,Image,False,8,0,5,0
454,01,lh-fusiform,0.5,0.0,0.0,0.6931471805599453,Mutual + Dummy,unconscious,unconscious,False,Image,False,8,0,6,0
455,01,lh-fusiform,0.5,0.0,0.0,0.6931471805599453,Mutual + Dummy,unconscious,unconscious,False,Image,False,8,0,8,0
456,01,lh-fusiform,0.5,0.0,0.0,0.6931471805599453,Mutual + Dummy,unconscious,unconscious,False,Image,False,8,0,15,0
457,01,lh-fusiform,0.5,0.0,0.0,0.6931471805599453,Mutual + Dummy,unconscious,unconscious,False,Image,False,8,0,6,0
458,01,lh-fusiform,0.5,0.0,0.0,0.6931471805599453,Mutual + Dummy,unconscious,unconscious,False,Image,False,8,0,10,0
459,01,lh-fusiform,0.5,0.0,0.0,0.6931471805599453,Mutual + Dummy,unconscious,unconscious,False,Image,False,8,0,8,0
460,01,lh-fusiform,0.5,0.0,0.0,0.6931471805599453,Mutual + Dummy,unconscious,unconscious,False,Image,False,8,0,6,0
461,01,lh-fusiform,0.5,0.0,0.0,0.6931471805599453,Mutual + Dummy,unconscious,unconscious,False,Image,False,8,0,2,0
462,01,lh-fusiform,0.5,0.0,0.0,0.6931471805599453,Mutual + Dummy,unconscious,unconscious,False,Image,False,8,0,8,0
463,01,lh-fusiform,0.5,0.0,0.0,0.6931471805599453,Mutual + Dummy,unconscious,unconscious,False,Image,False,8,0,5,0
464,01,lh-fusiform,0.5,0.0,0.0,0.6931471805599453,Mutual + Dummy,unconscious,unconscious,False,Image,False,8,0,11,0
465,01,lh-fusiform,0.5,0.0,0.0,0.6931471805599453,Mutual + Dummy,unconscious,unconscious,False,Image,False,8,0,8,0
466,01,lh-fusiform,0.5,0.0,0.0,0.6931471805599453,Mutual + Dummy,unconscious,unconscious,False,Image,False,8,0,5,0
467,01,lh-fusiform,0.5,0.0,0.0,0.6931471805599453,Mutual + Dummy,unconscious,unconscious,False,Image,False,8,0,5,0
468,01,lh-fusiform,0.5,0.0,0.0,0.6931471805599453,Mutual + Dummy,unconscious,unconscious,False,Image,False,8,0,10,0
469,01,lh-fusiform,0.5,0.0,0.0,0.6931471805599453,Mutual + Dummy,unconscious,unconscious,False,Image,False,8,0,6,0
470,01,lh-fusiform,0.5,0.0,0.0,0.6931471805599453,Mutual + Dummy,unconscious,unconscious,False,Image,False,8,0,8,0
471,01,lh-fusiform,0.5,0.0,0.0,0.6931471805599453,Mutual + Dummy,unconscious,unconscious,False,Image,False,8,0,4,0
472,01,lh-fusiform,0.5,0.0,0.0,0.6931471805599453,Mutual + Dummy,unconscious,unconscious,False,Image,False,8,0,9,0
473,01,lh-fusiform,0.5,0.0,0.0,0.6931471805599453,Mutual + Dummy,unconscious,unconscious,False,Image,False,8,0,8,0
474,01,lh-fusiform,0.5,0.0,0.0,0.6931471805599453,Mutual + Dummy,unconscious,unconscious,False,Image,False,8,0,4,0
475,01,lh-fusiform,0.5,0.0,0.0,0.6931471805599453,Mutual + Dummy,unconscious,unconscious,False,Image,False,8,0,5,0
476,01,lh-fusiform,0.5,0.0,0.0,0.6931471805599453,Mutual + Dummy,unconscious,unconscious,False,Image,False,8,0,7,0
477,01,lh-fusiform,0.5,0.0,0.0,0.6931471805599453,Mutual + Dummy,unconscious,unconscious,False,Image,False,8,0,7,0
478,01,lh-fusiform,0.5,0.0,0.0,0.6931471805599453,Mutual + Dummy,unconscious,unconscious,False,Image,False,8,0,11,0
479,01,lh-fusiform,0.5,0.0,0.0,0.6931471805599453,Mutual + Dummy,unconscious,unconscious,False,Image,False,8,0,6,0
480,01,lh-fusiform,0.5,0.0,0.0,0.6931471805599453,Mutual + Dummy,unconscious,unconscious,False,Image,False,8,0,5,0
481,01,lh-fusiform,0.5,0.0,0.0,0.6931471805599453,Mutual + Dummy,unconscious,unconscious,False,Image,False,11,0,2,0
482,01,lh-fusiform,0.5,0.0,0.0,0.6931471805599453,Mutual + Dummy,unconscious,unconscious,False,Image,False,11,0,8,0
483,01,lh-fusiform,0.5,0.0,0.0,0.6931471805599453,Mutual + Dummy,unconscious,unconscious,False,Image,False,11,0,13,0
484,01,lh-fusiform,0.5,0.0,0.0,0.6931471805599453,Mutual + Dummy,unconscious,unconscious,False,Image,False,11,0,9,0
485,01,lh-fusiform,0.5,0.0,0.0,0.6931471805599453,Mutual + Dummy,unconscious,unconscious,False,Image,False,11,0,2,0
486,01,lh-fusiform,0.5,0.0,0.0,0.6931471805599453,Mutual + Dummy,unconscious,unconscious,False,Image,False,11,0,5,0
487,01,lh-fusiform,0.5,0.0,0.0,0.6931471805599453,Mutual + Dummy,unconscious,unconscious,False,Image,False,11,0,8,0
488,01,lh-fusiform,0.5,0.0,0.0,0.6931471805599453,Mutual + Dummy,unconscious,unconscious,False,Image,False,11,0,5,0
489,01,lh-fusiform,0.5,0.0,0.0,0.6931471805599453,Mutual + Dummy,unconscious,unconscious,False,Image,False,11,0,8,0
490,01,lh-fusiform,0.5,0.0,0.0,0.6931471805599453,Mutual + Dummy,unconscious,unconscious,False,Image,False,11,0,9,0
491,01,lh-fusiform,0.5,0.0,0.0,0.6931471805599453,Mutual + Dummy,unconscious,unconscious,False,Image,False,11,0,7,0
492,01,lh-fusiform,0.5,0.0,0.0,0.6931471805599453,Mutual + Dummy,unconscious,unconscious,False,Image,False,11,0,6,0
493,01,lh-fusiform,0.5,0.0,0.0,0.6931471805599453,Mutual + Dummy,unconscious,unconscious,False,Image,False,11,0,11,0
494,01,lh-fusiform,0.5,0.0,0.0,0.6931471805599453,Mutual + Dummy,unconscious,unconscious,False,Image,False,11,0,5,0
495,01,lh-fusiform,0.5,0.0,0.0,0.6931471805599453,Mutual + Dummy,unconscious,unconscious,False,Image,False,11,0,9,0
496,01,lh-fusiform,0.5,0.0,0.0,0.6931471805599453,Mutual + Dummy,unconscious,unconscious,False,Image,False,11,0,6,0
497,01,lh-fusiform,0.5,0.0,0.0,0.6931471805599453,Mutual + Dummy,unconscious,unconscious,False,Image,False,11,0,6,0
498,01,lh-fusiform,0.5,0.0,0.0,0.6931471805599452,Mutual + Dummy,unconscious,unconscious,False,Image,False,11,0,15,0
499,01,lh-fusiform,0.5,0.0,0.0,0.6931471805599453,Mutual + Dummy,unconscious,unconscious,False,Image,False,11,0,10,0
500,01,lh-fusiform,0.5,0.0,0.0,0.6931471805599453,Mutual + Dummy,unconscious,unconscious,False,Image,False,11,0,4,0
501,01,lh-fusiform,0.5,0.0,0.0,0.6931471805599453,Mutual + Dummy,unconscious,unconscious,False,Image,False,11,0,5,0
502,01,lh-fusiform,0.5,0.0,0.0,0.6931471805599453,Mutual + Dummy,unconscious,unconscious,False,Image,False,11,0,6,0
503,01,lh-fusiform,0.5,0.0,0.0,0.6931471805599453,Mutual + Dummy,unconscious,unconscious,False,Image,False,11,0,8,0
504,01,lh-fusiform,0.5,0.0,0.0,0.6931471805599452,Mutual + Dummy,unconscious,unconscious,False,Image,False,11,0,15,0
505,01,lh-fusiform,0.5,0.0,0.0,0.6931471805599453,Mutual + Dummy,unconscious,unconscious,False,Image,False,11,0,6,0
506,01,lh-fusiform,0.5,0.0,0.0,0.6931471805599453,Mutual + Dummy,unconscious,unconscious,False,Image,False,11,0,10,0
507,01,lh-fusiform,0.5,0.0,0.0,0.6931471805599453,Mutual + Dummy,unconscious,unconscious,False,Image,False,11,0,8,0
508,01,lh-fusiform,0.5,0.0,0.0,0.6931471805599453,Mutual + Dummy,unconscious,unconscious,False,Image,False,11,0,6,0
509,01,lh-fusiform,0.5,0.0,0.0,0.6931471805599453,Mutual + Dummy,unconscious,unconscious,False,Image,False,11,0,2,0
510,01,lh-fusiform,0.5,0.0,0.0,0.6931471805599453,Mutual + Dummy,unconscious,unconscious,False,Image,False,11,0,8,0
511,01,lh-fusiform,0.5,0.0,0.0,0.6931471805599453,Mutual + Dummy,unconscious,unconscious,False,Image,False,11,0,5,0
512,01,lh-fusiform,0.5,0.0,0.0,0.6931471805599453,Mutual + Dummy,unconscious,unconscious,False,Image,False,11,0,11,0
513,01,lh-fusiform,0.5,0.0,0.0,0.6931471805599453,Mutual + Dummy,unconscious,unconscious,False,Image,False,11,0,8,0
514,01,lh-fusiform,0.5,0.0,0.0,0.6931471805599453,Mutual + Dummy,unconscious,unconscious,False,Image,False,11,0,5,0
515,01,lh-fusiform,0.5,0.0,0.0,0.6931471805599453,Mutual + Dummy,unconscious,unconscious,False,Image,False,11,0,5,0
516,01,lh-fusiform,0.5,0.0,0.0,0.6931471805599453,Mutual + Dummy,unconscious,unconscious,False,Image,False,11,0,10,0
517,01,lh-fusiform,0.5,0.0,0.0,0.6931471805599453,Mutual + Dummy,unconscious,unconscious,False,Image,False,11,0,6,0
518,01,lh-fusiform,0.5,0.0,0.0,0.6931471805599453,Mutual + Dummy,unconscious,unconscious,False,Image,False,11,0,8,0
519,01,lh-fusiform,0.5,0.0,0.0,0.6931471805599453,Mutual + Dummy,unconscious,unconscious,False,Image,False,11,0,4,0
520,01,lh-fusiform,0.5,0.0,0.0,0.6931471805599453,Mutual + Dummy,unconscious,unconscious,False,Image,False,11,0,9,0
521,01,lh-fusiform,0.5,0.0,0.0,0.6931471805599453,Mutual + Dummy,unconscious,unconscious,False,Image,False,11,0,8,0
522,01,lh-fusiform,0.5,0.0,0.0,0.6931471805599453,Mutual + Dummy,unconscious,unconscious,False,Image,False,11,0,4,0
523,01,lh-fusiform,0.5,0.0,0.0,0.6931471805599453,Mutual + Dummy,unconscious,unconscious,False,Image,False,11,0,5,0
524,01,lh-fusiform,0.5,0.0,0.0,0.6931471805599453,Mutual + Dummy,unconscious,unconscious,False,Image,False,11,0,7,0
525,01,lh-fusiform,0.5,0.0,0.0,0.6931471805599453,Mutual + Dummy,unconscious,unconscious,False,Image,False,11,0,7,0
526,01,lh-fusiform,0.5,0.0,0.0,0.6931471805599453,Mutual + Dummy,unconscious,unconscious,False,Image,False,11,0,11,0
527,01,lh-fusiform,0.5,0.0,0.0,0.6931471805599453,Mutual + Dummy,unconscious,unconscious,False,Image,False,11,0,6,0
528,01,lh-fusiform,0.5,0.0,0.0,0.6931471805599453,Mutual + Dummy,unconscious,unconscious,False,Image,False,11,0,5,0
529,01,lh-fusiform,0.5,0.0,0.0,0.6931471805599453,Mutual + Dummy,unconscious,unconscious,False,Image,False,5,0,2,0
530,01,lh-fusiform,0.5,0.0,0.0,0.6931471805599453,Mutual + Dummy,unconscious,unconscious,False,Image,False,5,0,8,0
531,01,lh-fusiform,0.5,0.0,0.0,0.6931471805599453,Mutual + Dummy,unconscious,unconscious,False,Image,False,5,0,13,0
532,01,lh-fusiform,0.5,0.0,0.0,0.6931471805599453,Mutual + Dummy,unconscious,unconscious,False,Image,False,5,0,9,0
533,01,lh-fusiform,0.5,0.0,0.0,0.6931471805599453,Mutual + Dummy,unconscious,unconscious,False,Image,False,5,0,2,0
534,01,lh-fusiform,0.5,0.0,0.0,0.6931471805599453,Mutual + Dummy,unconscious,unconscious,False,Image,False,5,0,5,0
535,01,lh-fusiform,0.5,0.0,0.0,0.6931471805599453,Mutual + Dummy,unconscious,unconscious,False,Image,False,5,0,8,0
536,01,lh-fusiform,0.5,0.0,0.0,0.6931471805599453,Mutual + Dummy,unconscious,unconscious,False,Image,False,5,0,5,0
537,01,lh-fusiform,0.5,0.0,0.0,0.6931471805599453,Mutual + Dummy,unconscious,unconscious,False,Image,False,5,0,8,0
538,01,lh-fusiform,0.5,0.0,0.0,0.6931471805599453,Mutual + Dummy,unconscious,unconscious,False,Image,False,5,0,9,0
539,01,lh-fusiform,0.5,0.0,0.0,0.6931471805599453,Mutual + Dummy,unconscious,unconscious,False,Image,False,5,0,7,0
540,01,lh-fusiform,0.5,0.0,0.0,0.6931471805599453,Mutual + Dummy,unconscious,unconscious,False,Image,False,5,0,6,0
541,01,lh-fusiform,0.5,0.0,0.0,0.6931471805599453,Mutual + Dummy,unconscious,unconscious,False,Image,False,5,0,11,0
542,01,lh-fusiform,0.5,0.0,0.0,0.6931471805599453,Mutual + Dummy,unconscious,unconscious,False,Image,False,5,0,5,0
543,01,lh-fusiform,0.5,0.0,0.0,0.6931471805599453,Mutual + Dummy,unconscious,unconscious,False,Image,False,5,0,9,0
544,01,lh-fusiform,0.5,0.0,0.0,0.6931471805599453,Mutual + Dummy,unconscious,unconscious,False,Image,False,5,0,6,0
545,01,lh-fusiform,0.5,0.0,0.0,0.6931471805599453,Mutual + Dummy,unconscious,unconscious,False,Image,False,5,0,6,0
546,01,lh-fusiform,0.5,0.0,0.0,0.6931471805599453,Mutual + Dummy,unconscious,unconscious,False,Image,False,5,0,15,0
547,01,lh-fusiform,0.5,0.0,0.0,0.6931471805599453,Mutual + Dummy,unconscious,unconscious,False,Image,False,5,0,10,0
548,01,lh-fusiform,0.5,0.0,0.0,0.6931471805599453,Mutual + Dummy,unconscious,unconscious,False,Image,False,5,0,4,0
549,01,lh-fusiform,0.5,0.0,0.0,0.6931471805599453,Mutual + Dummy,unconscious,unconscious,False,Image,False,5,0,5,0
550,01,lh-fusiform,0.5,0.0,0.0,0.6931471805599453,Mutual + Dummy,unconscious,unconscious,False,Image,False,5,0,6,0
551,01,lh-fusiform,0.5,0.0,0.0,0.6931471805599453,Mutual + Dummy,unconscious,unconscious,False,Image,False,5,0,8,0
552,01,lh-fusiform,0.5,0.0,0.0,0.6931471805599453,Mutual + Dummy,unconscious,unconscious,False,Image,False,5,0,15,0
553,01,lh-fusiform,0.5,0.0,0.0,0.6931471805599453,Mutual + Dummy,unconscious,unconscious,False,Image,False,5,0,6,0
554,01,lh-fusiform,0.5,0.0,0.0,0.6931471805599453,Mutual + Dummy,unconscious,unconscious,False,Image,False,5,0,10,0
555,01,lh-fusiform,0.5,0.0,0.0,0.6931471805599453,Mutual + Dummy,unconscious,unconscious,False,Image,False,5,0,8,0
556,01,lh-fusiform,0.5,0.0,0.0,0.6931471805599453,Mutual + Dummy,unconscious,unconscious,False,Image,False,5,0,6,0
557,01,lh-fusiform,0.5,0.0,0.0,0.6931471805599453,Mutual + Dummy,unconscious,unconscious,False,Image,False,5,0,2,0
558,01,lh-fusiform,0.5,0.0,0.0,0.6931471805599453,Mutual + Dummy,unconscious,unconscious,False,Image,False,5,0,8,0
559,01,lh-fusiform,0.5,0.0,0.0,0.6931471805599453,Mutual + Dummy,unconscious,unconscious,False,Image,False,5,0,5,0
560,01,lh-fusiform,0.5,0.0,0.0,0.6931471805599453,Mutual + Dummy,unconscious,unconscious,False,Image,False,5,0,11,0
561,01,lh-fusiform,0.5,0.0,0.0,0.6931471805599453,Mutual + Dummy,unconscious,unconscious,False,Image,False,5,0,8,0
562,01,lh-fusiform,0.5,0.0,0.0,0.6931471805599453,Mutual + Dummy,unconscious,unconscious,False,Image,False,5,0,5,0
563,01,lh-fusiform,0.5,0.0,0.0,0.6931471805599453,Mutual + Dummy,unconscious,unconscious,False,Image,False,5,0,5,0
564,01,lh-fusiform,0.5,0.0,0.0,0.6931471805599453,Mutual + Dummy,unconscious,unconscious,False,Image,False,5,0,10,0
565,01,lh-fusiform,0.5,0.0,0.0,0.6931471805599453,Mutual + Dummy,unconscious,unconscious,False,Image,False,5,0,6,0
566,01,lh-fusiform,0.5,0.0,0.0,0.6931471805599453,Mutual + Dummy,unconscious,unconscious,False,Image,False,5,0,8,0
567,01,lh-fusiform,0.5,0.0,0.0,0.6931471805599453,Mutual + Dummy,unconscious,unconscious,False,Image,False,5,0,4,0
568,01,lh-fusiform,0.5,0.0,0.0,0.6931471805599453,Mutual + Dummy,unconscious,unconscious,False,Image,False,5,0,9,0
569,01,lh-fusiform,0.5,0.0,0.0,0.6931471805599453,Mutual + Dummy,unconscious,unconscious,False,Image,False,5,0,8,0
570,01,lh-fusiform,0.5,0.0,0.0,0.6931471805599453,Mutual + Dummy,unconscious,unconscious,False,Image,False,5,0,4,0
571,01,lh-fusiform,0.5,0.0,0.0,0.6931471805599453,Mutual + Dummy,unconscious,unconscious,False,Image,False,5,0,5,0
572,01,lh-fusiform,0.5,0.0,0.0,0.6931471805599453,Mutual + Dummy,unconscious,unconscious,False,Image,False,5,0,7,0
573,01,lh-fusiform,0.5,0.0,0.0,0.6931471805599453,Mutual + Dummy,unconscious,unconscious,False,Image,False,5,0,7,0
574,01,lh-fusiform,0.5,0.0,0.0,0.6931471805599453,Mutual + Dummy,unconscious,unconscious,False,Image,False,5,0,11,0
575,01,lh-fusiform,0.5,0.0,0.0,0.6931471805599453,Mutual + Dummy,unconscious,unconscious,False,Image,False,5,0,6,0
576,01,lh-fusiform,0.5,0.0,0.0,0.6931471805599453,Mutual + Dummy,unconscious,unconscious,False,Image,False,5,0,5,0
577,01,lh-fusiform,0.5,0.0,0.0,0.6931471805599453,Mutual + Dummy,unconscious,unconscious,False,Image,False,13,0,2,0
578,01,lh-fusiform,0.5,0.0,0.0,0.6931471805599453,Mutual + Dummy,unconscious,unconscious,False,Image,False,13,0,8,0
579,01,lh-fusiform,0.5,0.0,0.0,0.6931471805599452,Mutual + Dummy,unconscious,unconscious,False,Image,False,13,0,13,0
580,01,lh-fusiform,0.5,0.0,0.0,0.6931471805599453,Mutual + Dummy,unconscious,unconscious,False,Image,False,13,0,9,0
581,01,lh-fusiform,0.5,0.0,0.0,0.6931471805599453,Mutual + Dummy,unconscious,unconscious,False,Image,False,13,0,2,0
582,01,lh-fusiform,0.5,0.0,0.0,0.6931471805599453,Mutual + Dummy,unconscious,unconscious,False,Image,False,13,0,5,0
583,01,lh-fusiform,0.5,0.0,0.0,0.6931471805599453,Mutual + Dummy,unconscious,unconscious,False,Image,False,13,0,8,0
584,01,lh-fusiform,0.5,0.0,0.0,0.6931471805599453,Mutual + Dummy,unconscious,unconscious,False,Image,False,13,0,5,0
585,01,lh-fusiform,0.5,0.0,0.0,0.6931471805599453,Mutual + Dummy,unconscious,unconscious,False,Image,False,13,0,8,0
586,01,lh-fusiform,0.5,0.0,0.0,0.6931471805599453,Mutual + Dummy,unconscious,unconscious,False,Image,False,13,0,9,0
587,01,lh-fusiform,0.5,0.0,0.0,0.6931471805599453,Mutual + Dummy,unconscious,unconscious,False,Image,False,13,0,7,0
588,01,lh-fusiform,0.5,0.0,0.0,0.6931471805599453,Mutual + Dummy,unconscious,unconscious,False,Image,False,13,0,6,0
589,01,lh-fusiform,0.5,0.0,0.0,0.6931471805599453,Mutual + Dummy,unconscious,unconscious,False,Image,False,13,0,11,0
590,01,lh-fusiform,0.5,0.0,0.0,0.6931471805599453,Mutual + Dummy,unconscious,unconscious,False,Image,False,13,0,5,0
591,01,lh-fusiform,0.5,0.0,0.0,0.6931471805599453,Mutual + Dummy,unconscious,unconscious,False,Image,False,13,0,9,0
592,01,lh-fusiform,0.5,0.0,0.0,0.6931471805599453,Mutual + Dummy,unconscious,unconscious,False,Image,False,13,0,6,0
593,01,lh-fusiform,0.5,0.0,0.0,0.6931471805599453,Mutual + Dummy,unconscious,unconscious,False,Image,False,13,0,6,0
594,01,lh-fusiform,0.5,0.0,0.0,0.6931471805599451,Mutual + Dummy,unconscious,unconscious,False,Image,False,13,0,15,0
595,01,lh-fusiform,0.5,0.0,0.0,0.6931471805599453,Mutual + Dummy,unconscious,unconscious,False,Image,False,13,0,10,0
596,01,lh-fusiform,0.5,0.0,0.0,0.6931471805599453,Mutual + Dummy,unconscious,unconscious,False,Image,False,13,0,4,0
597,01,lh-fusiform,0.5,0.0,0.0,0.6931471805599453,Mutual + Dummy,unconscious,unconscious,False,Image,False,13,0,5,0
598,01,lh-fusiform,0.5,0.0,0.0,0.6931471805599453,Mutual + Dummy,unconscious,unconscious,False,Image,False,13,0,6,0
599,01,lh-fusiform,0.5,0.0,0.0,0.6931471805599453,Mutual + Dummy,unconscious,unconscious,False,Image,False,13,0,8,0
600,01,lh-fusiform,0.5,0.0,0.0,0.6931471805599451,Mutual + Dummy,unconscious,unconscious,False,Image,False,13,0,15,0
601,01,lh-fusiform,0.5,0.0,0.0,0.6931471805599453,Mutual + Dummy,unconscious,unconscious,False,Image,False,13,0,6,0
602,01,lh-fusiform,0.5,0.0,0.0,0.6931471805599453,Mutual + Dummy,unconscious,unconscious,False,Image,False,13,0,10,0
603,01,lh-fusiform,0.5,0.0,0.0,0.6931471805599453,Mutual + Dummy,unconscious,unconscious,False,Image,False,13,0,8,0
604,01,lh-fusiform,0.5,0.0,0.0,0.6931471805599453,Mutual + Dummy,unconscious,unconscious,False,Image,False,13,0,6,0
605,01,lh-fusiform,0.5,0.0,0.0,0.6931471805599453,Mutual + Dummy,unconscious,unconscious,False,Image,False,13,0,2,0
606,01,lh-fusiform,0.5,0.0,0.0,0.6931471805599453,Mutual + Dummy,unconscious,unconscious,False,Image,False,13,0,8,0
607,01,lh-fusiform,0.5,0.0,0.0,0.6931471805599453,Mutual + Dummy,unconscious,unconscious,False,Image,False,13,0,5,0
608,01,lh-fusiform,0.5,0.0,0.0,0.6931471805599453,Mutual + Dummy,unconscious,unconscious,False,Image,False,13,0,11,0
609,01,lh-fusiform,0.5,0.0,0.0,0.6931471805599453,Mutual + Dummy,unconscious,unconscious,False,Image,False,13,0,8,0
610,01,lh-fusiform,0.5,0.0,0.0,0.6931471805599453,Mutual + Dummy,unconscious,unconscious,False,Image,False,13,0,5,0
611,01,lh-fusiform,0.5,0.0,0.0,0.6931471805599453,Mutual + Dummy,unconscious,unconscious,False,Image,False,13,0,5,0
612,01,lh-fusiform,0.5,0.0,0.0,0.6931471805599453,Mutual + Dummy,unconscious,unconscious,False,Image,False,13,0,10,0
613,01,lh-fusiform,0.5,0.0,0.0,0.6931471805599453,Mutual + Dummy,unconscious,unconscious,False,Image,False,13,0,6,0
614,01,lh-fusiform,0.5,0.0,0.0,0.6931471805599453,Mutual + Dummy,unconscious,unconscious,False,Image,False,13,0,8,0
615,01,lh-fusiform,0.5,0.0,0.0,0.6931471805599453,Mutual + Dummy,unconscious,unconscious,False,Image,False,13,0,4,0
616,01,lh-fusiform,0.5,0.0,0.0,0.6931471805599453,Mutual + Dummy,unconscious,unconscious,False,Image,False,13,0,9,0
617,01,lh-fusiform,0.5,0.0,0.0,0.6931471805599453,Mutual + Dummy,unconscious,unconscious,False,Image,False,13,0,8,0
618,01,lh-fusiform,0.5,0.0,0.0,0.6931471805599453,Mutual + Dummy,unconscious,unconscious,False,Image,False,13,0,4,0
619,01,lh-fusiform,0.5,0.0,0.0,0.6931471805599453,Mutual + Dummy,unconscious,unconscious,False,Image,False,13,0,5,0
620,01,lh-fusiform,0.5,0.0,0.0,0.6931471805599453,Mutual + Dummy,unconscious,unconscious,False,Image,False,13,0,7,0
621,01,lh-fusiform,0.5,0.0,0.0,0.6931471805599453,Mutual + Dummy,unconscious,unconscious,False,Image,False,13,0,7,0
622,01,lh-fusiform,0.5,0.0,0.0,0.6931471805599453,Mutual + Dummy,unconscious,unconscious,False,Image,False,13,0,11,0
623,01,lh-fusiform,0.5,0.0,0.0,0.6931471805599453,Mutual + Dummy,unconscious,unconscious,False,Image,False,13,0,6,0
624,01,lh-fusiform,0.5,0.0,0.0,0.6931471805599453,Mutual + Dummy,unconscious,unconscious,False,Image,False,13,0,5,0
625,01,lh-fusiform,0.5,0.0,0.0,0.6931471805599453,Mutual + Dummy,unconscious,unconscious,False,Image,False,5,0,2,0
626,01,lh-fusiform,0.5,0.0,0.0,0.6931471805599453,Mutual + Dummy,unconscious,unconscious,False,Image,False,5,0,8,0
627,01,lh-fusiform,0.5,0.0,0.0,0.6931471805599453,Mutual + Dummy,unconscious,unconscious,False,Image,False,5,0,13,0
628,01,lh-fusiform,0.5,0.0,0.0,0.6931471805599453,Mutual + Dummy,unconscious,unconscious,False,Image,False,5,0,9,0
629,01,lh-fusiform,0.5,0.0,0.0,0.6931471805599453,Mutual + Dummy,unconscious,unconscious,False,Image,False,5,0,2,0
630,01,lh-fusiform,0.5,0.0,0.0,0.6931471805599453,Mutual + Dummy,unconscious,unconscious,False,Image,False,5,0,5,0
631,01,lh-fusiform,0.5,0.0,0.0,0.6931471805599453,Mutual + Dummy,unconscious,unconscious,False,Image,False,5,0,8,0
632,01,lh-fusiform,0.5,0.0,0.0,0.6931471805599453,Mutual + Dummy,unconscious,unconscious,False,Image,False,5,0,5,0
633,01,lh-fusiform,0.5,0.0,0.0,0.6931471805599453,Mutual + Dummy,unconscious,unconscious,False,Image,False,5,0,8,0
634,01,lh-fusiform,0.5,0.0,0.0,0.6931471805599453,Mutual + Dummy,unconscious,unconscious,False,Image,False,5,0,9,0
635,01,lh-fusiform,0.5,0.0,0.0,0.6931471805599453,Mutual + Dummy,unconscious,unconscious,False,Image,False,5,0,7,0
636,01,lh-fusiform,0.5,0.0,0.0,0.6931471805599453,Mutual + Dummy,unconscious,unconscious,False,Image,False,5,0,6,0
637,01,lh-fusiform,0.5,0.0,0.0,0.6931471805599453,Mutual + Dummy,unconscious,unconscious,False,Image,False,5,0,11,0
638,01,lh-fusiform,0.5,0.0,0.0,0.6931471805599453,Mutual + Dummy,unconscious,unconscious,False,Image,False,5,0,5,0
639,01,lh-fusiform,0.5,0.0,0.0,0.6931471805599453,Mutual + Dummy,unconscious,unconscious,False,Image,False,5,0,9,0
640,01,lh-fusiform,0.5,0.0,0.0,0.6931471805599453,Mutual + Dummy,unconscious,unconscious,False,Image,False,5,0,6,0
641,01,lh-fusiform,0.5,0.0,0.0,0.6931471805599453,Mutual + Dummy,unconscious,unconscious,False,Image,False,5,0,6,0
642,01,lh-fusiform,0.5,0.0,0.0,0.6931471805599453,Mutual + Dummy,unconscious,unconscious,False,Image,False,5,0,15,0
643,01,lh-fusiform,0.5,0.0,0.0,0.6931471805599453,Mutual + Dummy,unconscious,unconscious,False,Image,False,5,0,10,0
644,01,lh-fusiform,0.5,0.0,0.0,0.6931471805599453,Mutual + Dummy,unconscious,unconscious,False,Image,False,5,0,4,0
645,01,lh-fusiform,0.5,0.0,0.0,0.6931471805599453,Mutual + Dummy,unconscious,unconscious,False,Image,False,5,0,5,0
646,01,lh-fusiform,0.5,0.0,0.0,0.6931471805599453,Mutual + Dummy,unconscious,unconscious,False,Image,False,5,0,6,0
647,01,lh-fusiform,0.5,0.0,0.0,0.6931471805599453,Mutual + Dummy,unconscious,unconscious,False,Image,False,5,0,8,0
648,01,lh-fusiform,0.5,0.0,0.0,0.6931471805599453,Mutual + Dummy,unconscious,unconscious,False,Image,False,5,0,15,0
649,01,lh-fusiform,0.5,0.0,0.0,0.6931471805599453,Mutual + Dummy,unconscious,unconscious,False,Image,False,5,0,6,0
650,01,lh-fusiform,0.5,0.0,0.0,0.6931471805599453,Mutual + Dummy,unconscious,unconscious,False,Image,False,5,0,10,0
651,01,lh-fusiform,0.5,0.0,0.0,0.6931471805599453,Mutual + Dummy,unconscious,unconscious,False,Image,False,5,0,8,0
652,01,lh-fusiform,0.5,0.0,0.0,0.6931471805599453,Mutual + Dummy,unconscious,unconscious,False,Image,False,5,0,6,0
653,01,lh-fusiform,0.5,0.0,0.0,0.6931471805599453,Mutual + Dummy,unconscious,unconscious,False,Image,False,5,0,2,0
654,01,lh-fusiform,0.5,0.0,0.0,0.6931471805599453,Mutual + Dummy,unconscious,unconscious,False,Image,False,5,0,8,0
655,01,lh-fusiform,0.5,0.0,0.0,0.6931471805599453,Mutual + Dummy,unconscious,unconscious,False,Image,False,5,0,5,0
656,01,lh-fusiform,0.5,0.0,0.0,0.6931471805599453,Mutual + Dummy,unconscious,unconscious,False,Image,False,5,0,11,0
657,01,lh-fusiform,0.5,0.0,0.0,0.6931471805599453,Mutual + Dummy,unconscious,unconscious,False,Image,False,5,0,8,0
658,01,lh-fusiform,0.5,0.0,0.0,0.6931471805599453,Mutual + Dummy,unconscious,unconscious,False,Image,False,5,0,5,0
659,01,lh-fusiform,0.5,0.0,0.0,0.6931471805599453,Mutual + Dummy,unconscious,unconscious,False,Image,False,5,0,5,0
660,01,lh-fusiform,0.5,0.0,0.0,0.6931471805599453,Mutual + Dummy,unconscious,unconscious,False,Image,False,5,0,10,0
661,01,lh-fusiform,0.5,0.0,0.0,0.6931471805599453,Mutual + Dummy,unconscious,unconscious,False,Image,False,5,0,6,0
662,01,lh-fusiform,0.5,0.0,0.0,0.6931471805599453,Mutual + Dummy,unconscious,unconscious,False,Image,False,5,0,8,0
663,01,lh-fusiform,0.5,0.0,0.0,0.6931471805599453,Mutual + Dummy,unconscious,unconscious,False,Image,False,5,0,4,0
664,01,lh-fusiform,0.5,0.0,0.0,0.6931471805599453,Mutual + Dummy,unconscious,unconscious,False,Image,False,5,0,9,0
665,01,lh-fusiform,0.5,0.0,0.0,0.6931471805599453,Mutual + Dummy,unconscious,unconscious,False,Image,False,5,0,8,0
666,01,lh-fusiform,0.5,0.0,0.0,0.6931471805599453,Mutual + Dummy,unconscious,unconscious,False,Image,False,5,0,4,0
667,01,lh-fusiform,0.5,0.0,0.0,0.6931471805599453,Mutual + Dummy,unconscious,unconscious,False,Image,False,5,0,5,0
668,01,lh-fusiform,0.5,0.0,0.0,0.6931471805599453,Mutual + Dummy,unconscious,unconscious,False,Image,False,5,0,7,0
669,01,lh-fusiform,0.5,0.0,0.0,0.6931471805599453,Mutual + Dummy,unconscious,unconscious,False,Image,False,5,0,7,0
670,01,lh-fusiform,0.5,0.0,0.0,0.6931471805599453,Mutual + Dummy,unconscious,unconscious,False,Image,False,5,0,11,0
671,01,lh-fusiform,0.5,0.0,0.0,0.6931471805599453,Mutual + Dummy,unconscious,unconscious,False,Image,False,5,0,6,0
672,01,lh-fusiform,0.5,0.0,0.0,0.6931471805599453,Mutual + Dummy,unconscious,unconscious,False,Image,False,5,0,5,0
673,01,lh-fusiform,0.5,0.0,0.0,0.6931471805599453,Mutual + Dummy,unconscious,unconscious,False,Image,False,12,0,2,0
674,01,lh-fusiform,0.5,0.0,0.0,0.6931471805599453,Mutual + Dummy,unconscious,unconscious,False,Image,False,12,0,8,0
675,01,lh-fusiform,0.5,0.0,0.0,0.6931471805599452,Mutual + Dummy,unconscious,unconscious,False,Image,False,12,0,13,0
676,01,lh-fusiform,0.5,0.0,0.0,0.6931471805599453,Mutual + Dummy,unconscious,unconscious,False,Image,False,12,0,9,0
677,01,lh-fusiform,0.5,0.0,0.0,0.6931471805599453,Mutual + Dummy,unconscious,unconscious,False,Image,False,12,0,2,0
678,01,lh-fusiform,0.5,0.0,0.0,0.6931471805599453,Mutual + Dummy,unconscious,unconscious,False,Image,False,12,0,5,0
679,01,lh-fusiform,0.5,0.0,0.0,0.6931471805599453,Mutual + Dummy,unconscious,unconscious,False,Image,False,12,0,8,0
680,01,lh-fusiform,0.5,0.0,0.0,0.6931471805599453,Mutual + Dummy,unconscious,unconscious,False,Image,False,12,0,5,0
681,01,lh-fusiform,0.5,0.0,0.0,0.6931471805599453,Mutual + Dummy,unconscious,unconscious,False,Image,False,12,0,8,0
682,01,lh-fusiform,0.5,0.0,0.0,0.6931471805599453,Mutual + Dummy,unconscious,unconscious,False,Image,False,12,0,9,0
683,01,lh-fusiform,0.5,0.0,0.0,0.6931471805599453,Mutual + Dummy,unconscious,unconscious,False,Image,False,12,0,7,0
684,01,lh-fusiform,0.5,0.0,0.0,0.6931471805599453,Mutual + Dummy,unconscious,unconscious,False,Image,False,12,0,6,0
685,01,lh-fusiform,0.5,0.0,0.0,0.6931471805599453,Mutual + Dummy,unconscious,unconscious,False,Image,False,12,0,11,0
686,01,lh-fusiform,0.5,0.0,0.0,0.6931471805599453,Mutual + Dummy,unconscious,unconscious,False,Image,False,12,0,5,0
687,01,lh-fusiform,0.5,0.0,0.0,0.6931471805599453,Mutual + Dummy,unconscious,unconscious,False,Image,False,12,0,9,0
688,01,lh-fusiform,0.5,0.0,0.0,0.6931471805599453,Mutual + Dummy,unconscious,unconscious,False,Image,False,12,0,6,0
689,01,lh-fusiform,0.5,0.0,0.0,0.6931471805599453,Mutual + Dummy,unconscious,unconscious,False,Image,False,12,0,6,0
690,01,lh-fusiform,0.5,0.0,0.0,0.6931471805599451,Mutual + Dummy,unconscious,unconscious,False,Image,False,12,0,15,0
691,01,lh-fusiform,0.5,0.0,0.0,0.6931471805599453,Mutual + Dummy,unconscious,unconscious,False,Image,False,12,0,10,0
692,01,lh-fusiform,0.5,0.0,0.0,0.6931471805599453,Mutual + Dummy,unconscious,unconscious,False,Image,False,12,0,4,0
693,01,lh-fusiform,0.5,0.0,0.0,0.6931471805599453,Mutual + Dummy,unconscious,unconscious,False,Image,False,12,0,5,0
694,01,lh-fusiform,0.5,0.0,0.0,0.6931471805599453,Mutual + Dummy,unconscious,unconscious,False,Image,False,12,0,6,0
695,01,lh-fusiform,0.5,0.0,0.0,0.6931471805599453,Mutual + Dummy,unconscious,unconscious,False,Image,False,12,0,8,0
696,01,lh-fusiform,0.5,0.0,0.0,0.6931471805599451,Mutual + Dummy,unconscious,unconscious,False,Image,False,12,0,15,0
697,01,lh-fusiform,0.5,0.0,0.0,0.6931471805599453,Mutual + Dummy,unconscious,unconscious,False,Image,False,12,0,6,0
698,01,lh-fusiform,0.5,0.0,0.0,0.6931471805599453,Mutual + Dummy,unconscious,unconscious,False,Image,False,12,0,10,0
699,01,lh-fusiform,0.5,0.0,0.0,0.6931471805599453,Mutual + Dummy,unconscious,unconscious,False,Image,False,12,0,8,0
700,01,lh-fusiform,0.5,0.0,0.0,0.6931471805599453,Mutual + Dummy,unconscious,unconscious,False,Image,False,12,0,6,0
701,01,lh-fusiform,0.5,0.0,0.0,0.6931471805599453,Mutual + Dummy,unconscious,unconscious,False,Image,False,12,0,2,0
702,01,lh-fusiform,0.5,0.0,0.0,0.6931471805599453,Mutual + Dummy,unconscious,unconscious,False,Image,False,12,0,8,0
703,01,lh-fusiform,0.5,0.0,0.0,0.6931471805599453,Mutual + Dummy,unconscious,unconscious,False,Image,False,12,0,5,0
704,01,lh-fusiform,0.5,0.0,0.0,0.6931471805599453,Mutual + Dummy,unconscious,unconscious,False,Image,False,12,0,11,0
705,01,lh-fusiform,0.5,0.0,0.0,0.6931471805599453,Mutual + Dummy,unconscious,unconscious,False,Image,False,12,0,8,0
706,01,lh-fusiform,0.5,0.0,0.0,0.6931471805599453,Mutual + Dummy,unconscious,unconscious,False,Image,False,12,0,5,0
707,01,lh-fusiform,0.5,0.0,0.0,0.6931471805599453,Mutual + Dummy,unconscious,unconscious,False,Image,False,12,0,5,0
708,01,lh-fusiform,0.5,0.0,0.0,0.6931471805599453,Mutual + Dummy,unconscious,unconscious,False,Image,False,12,0,10,0
709,01,lh-fusiform,0.5,0.0,0.0,0.6931471805599453,Mutual + Dummy,unconscious,unconscious,False,Image,False,12,0,6,0
710,01,lh-fusiform,0.5,0.0,0.0,0.6931471805599453,Mutual + Dummy,unconscious,unconscious,False,Image,False,12,0,8,0
711,01,lh-fusiform,0.5,0.0,0.0,0.6931471805599453,Mutual + Dummy,unconscious,unconscious,False,Image,False,12,0,4,0
712,01,lh-fusiform,0.5,0.0,0.0,0.6931471805599453,Mutual + Dummy,unconscious,unconscious,False,Image,False,12,0,9,0
713,01,lh-fusiform,0.5,0.0,0.0,0.6931471805599453,Mutual + Dummy,unconscious,unconscious,False,Image,False,12,0,8,0
714,01,lh-fusiform,0.5,0.0,0.0,0.6931471805599453,Mutual + Dummy,unconscious,unconscious,False,Image,False,12,0,4,0
715,01,lh-fusiform,0.5,0.0,0.0,0.6931471805599453,Mutual + Dummy,unconscious,unconscious,False,Image,False,12,0,5,0
716,01,lh-fusiform,0.5,0.0,0.0,0.6931471805599453,Mutual + Dummy,unconscious,unconscious,False,Image,False,12,0,7,0
717,01,lh-fusiform,0.5,0.0,0.0,0.6931471805599453,Mutual + Dummy,unconscious,unconscious,False,Image,False,12,0,7,0
718,01,lh-fusiform,0.5,0.0,0.0,0.6931471805599453,Mutual + Dummy,unconscious,unconscious,False,Image,False,12,0,11,0
719,01,lh-fusiform,0.5,0.0,0.0,0.6931471805599453,Mutual + Dummy,unconscious,unconscious,False,Image,False,12,0,6,0
720,01,lh-fusiform,0.5,0.0,0.0,0.6931471805599453,Mutual + Dummy,unconscious,unconscious,False,Image,False,12,0,5,0
721,01,lh-fusiform,0.5,0.0,0.0,0.6931471805599453,Mutual + Dummy,unconscious,unconscious,False,Image,False,6,0,2,0
722,01,lh-fusiform,0.5,0.0,0.0,0.6931471805599453,Mutual + Dummy,unconscious,unconscious,False,Image,False,6,0,8,0
723,01,lh-fusiform,0.5,0.0,0.0,0.6931471805599453,Mutual + Dummy,unconscious,unconscious,False,Image,False,6,0,13,0
724,01,lh-fusiform,0.5,0.0,0.0,0.6931471805599453,Mutual + Dummy,unconscious,unconscious,False,Image,False,6,0,9,0
725,01,lh-fusiform,0.5,0.0,0.0,0.6931471805599453,Mutual + Dummy,unconscious,unconscious,False,Image,False,6,0,2,0
726,01,lh-fusiform,0.5,0.0,0.0,0.6931471805599453,Mutual + Dummy,unconscious,unconscious,False,Image,False,6,0,5,0
727,01,lh-fusiform,0.5,0.0,0.0,0.6931471805599453,Mutual + Dummy,unconscious,unconscious,False,Image,False,6,0,8,0
728,01,lh-fusiform,0.5,0.0,0.0,0.6931471805599453,Mutual + Dummy,unconscious,unconscious,False,Image,False,6,0,5,0
729,01,lh-fusiform,0.5,0.0,0.0,0.6931471805599453,Mutual + Dummy,unconscious,unconscious,False,Image,False,6,0,8,0
730,01,lh-fusiform,0.5,0.0,0.0,0.6931471805599453,Mutual + Dummy,unconscious,unconscious,False,Image,False,6,0,9,0
731,01,lh-fusiform,0.5,0.0,0.0,0.6931471805599453,Mutual + Dummy,unconscious,unconscious,False,Image,False,6,0,7,0
732,01,lh-fusiform,0.5,0.0,0.0,0.6931471805599453,Mutual + Dummy,unconscious,unconscious,False,Image,False,6,0,6,0
733,01,lh-fusiform,0.5,0.0,0.0,0.6931471805599453,Mutual + Dummy,unconscious,unconscious,False,Image,False,6,0,11,0
734,01,lh-fusiform,0.5,0.0,0.0,0.6931471805599453,Mutual + Dummy,unconscious,unconscious,False,Image,False,6,0,5,0
735,01,lh-fusiform,0.5,0.0,0.0,0.6931471805599453,Mutual + Dummy,unconscious,unconscious,False,Image,False,6,0,9,0
736,01,lh-fusiform,0.5,0.0,0.0,0.6931471805599453,Mutual + Dummy,unconscious,unconscious,False,Image,False,6,0,6,0
737,01,lh-fusiform,0.5,0.0,0.0,0.6931471805599453,Mutual + Dummy,unconscious,unconscious,False,Image,False,6,0,6,0
738,01,lh-fusiform,0.5,0.0,0.0,0.6931471805599453,Mutual + Dummy,unconscious,unconscious,False,Image,False,6,0,15,0
739,01,lh-fusiform,0.5,0.0,0.0,0.6931471805599453,Mutual + Dummy,unconscious,unconscious,False,Image,False,6,0,10,0
740,01,lh-fusiform,0.5,0.0,0.0,0.6931471805599453,Mutual + Dummy,unconscious,unconscious,False,Image,False,6,0,4,0
741,01,lh-fusiform,0.5,0.0,0.0,0.6931471805599453,Mutual + Dummy,unconscious,unconscious,False,Image,False,6,0,5,0
742,01,lh-fusiform,0.5,0.0,0.0,0.6931471805599453,Mutual + Dummy,unconscious,unconscious,False,Image,False,6,0,6,0
743,01,lh-fusiform,0.5,0.0,0.0,0.6931471805599453,Mutual + Dummy,unconscious,unconscious,False,Image,False,6,0,8,0
744,01,lh-fusiform,0.5,0.0,0.0,0.6931471805599453,Mutual + Dummy,unconscious,unconscious,False,Image,False,6,0,15,0
745,01,lh-fusiform,0.5,0.0,0.0,0.6931471805599453,Mutual + Dummy,unconscious,unconscious,False,Image,False,6,0,6,0
746,01,lh-fusiform,0.5,0.0,0.0,0.6931471805599453,Mutual + Dummy,unconscious,unconscious,False,Image,False,6,0,10,0
747,01,lh-fusiform,0.5,0.0,0.0,0.6931471805599453,Mutual + Dummy,unconscious,unconscious,False,Image,False,6,0,8,0
748,01,lh-fusiform,0.5,0.0,0.0,0.6931471805599453,Mutual + Dummy,unconscious,unconscious,False,Image,False,6,0,6,0
749,01,lh-fusiform,0.5,0.0,0.0,0.6931471805599453,Mutual + Dummy,unconscious,unconscious,False,Image,False,6,0,2,0
750,01,lh-fusiform,0.5,0.0,0.0,0.6931471805599453,Mutual + Dummy,unconscious,unconscious,False,Image,False,6,0,8,0
751,01,lh-fusiform,0.5,0.0,0.0,0.6931471805599453,Mutual + Dummy,unconscious,unconscious,False,Image,False,6,0,5,0
752,01,lh-fusiform,0.5,0.0,0.0,0.6931471805599453,Mutual + Dummy,unconscious,unconscious,False,Image,False,6,0,11,0
753,01,lh-fusiform,0.5,0.0,0.0,0.6931471805599453,Mutual + Dummy,unconscious,unconscious,False,Image,False,6,0,8,0
754,01,lh-fusiform,0.5,0.0,0.0,0.6931471805599453,Mutual + Dummy,unconscious,unconscious,False,Image,False,6,0,5,0
755,01,lh-fusiform,0.5,0.0,0.0,0.6931471805599453,Mutual + Dummy,unconscious,unconscious,False,Image,False,6,0,5,0
756,01,lh-fusiform,0.5,0.0,0.0,0.6931471805599453,Mutual + Dummy,unconscious,unconscious,False,Image,False,6,0,10,0
757,01,lh-fusiform,0.5,0.0,0.0,0.6931471805599453,Mutual + Dummy,unconscious,unconscious,False,Image,False,6,0,6,0
758,01,lh-fusiform,0.5,0.0,0.0,0.6931471805599453,Mutual + Dummy,unconscious,unconscious,False,Image,False,6,0,8,0
759,01,lh-fusiform,0.5,0.0,0.0,0.6931471805599453,Mutual + Dummy,unconscious,unconscious,False,Image,False,6,0,4,0
760,01,lh-fusiform,0.5,0.0,0.0,0.6931471805599453,Mutual + Dummy,unconscious,unconscious,False,Image,False,6,0,9,0
761,01,lh-fusiform,0.5,0.0,0.0,0.6931471805599453,Mutual + Dummy,unconscious,unconscious,False,Image,False,6,0,8,0
762,01,lh-fusiform,0.5,0.0,0.0,0.6931471805599453,Mutual + Dummy,unconscious,unconscious,False,Image,False,6,0,4,0
763,01,lh-fusiform,0.5,0.0,0.0,0.6931471805599453,Mutual + Dummy,unconscious,unconscious,False,Image,False,6,0,5,0
764,01,lh-fusiform,0.5,0.0,0.0,0.6931471805599453,Mutual + Dummy,unconscious,unconscious,False,Image,False,6,0,7,0
765,01,lh-fusiform,0.5,0.0,0.0,0.6931471805599453,Mutual + Dummy,unconscious,unconscious,False,Image,False,6,0,7,0
766,01,lh-fusiform,0.5,0.0,0.0,0.6931471805599453,Mutual + Dummy,unconscious,unconscious,False,Image,False,6,0,11,0
767,01,lh-fusiform,0.5,0.0,0.0,0.6931471805599453,Mutual + Dummy,unconscious,unconscious,False,Image,False,6,0,6,0
768,01,lh-fusiform,0.5,0.0,0.0,0.6931471805599453,Mutual + Dummy,unconscious,unconscious,False,Image,False,6,0,5,0
769,01,lh-fusiform,0.5,0.0,0.0,0.6931471805599453,Mutual + Dummy,unconscious,unconscious,False,Image,False,11,0,2,0
770,01,lh-fusiform,0.5,0.0,0.0,0.6931471805599453,Mutual + Dummy,unconscious,unconscious,False,Image,False,11,0,8,0
771,01,lh-fusiform,0.5,0.0,0.0,0.6931471805599453,Mutual + Dummy,unconscious,unconscious,False,Image,False,11,0,13,0
772,01,lh-fusiform,0.5,0.0,0.0,0.6931471805599453,Mutual + Dummy,unconscious,unconscious,False,Image,False,11,0,9,0
773,01,lh-fusiform,0.5,0.0,0.0,0.6931471805599453,Mutual + Dummy,unconscious,unconscious,False,Image,False,11,0,2,0
774,01,lh-fusiform,0.5,0.0,0.0,0.6931471805599453,Mutual + Dummy,unconscious,unconscious,False,Image,False,11,0,5,0
775,01,lh-fusiform,0.5,0.0,0.0,0.6931471805599453,Mutual + Dummy,unconscious,unconscious,False,Image,False,11,0,8,0
776,01,lh-fusiform,0.5,0.0,0.0,0.6931471805599453,Mutual + Dummy,unconscious,unconscious,False,Image,False,11,0,5,0
777,01,lh-fusiform,0.5,0.0,0.0,0.6931471805599453,Mutual + Dummy,unconscious,unconscious,False,Image,False,11,0,8,0
778,01,lh-fusiform,0.5,0.0,0.0,0.6931471805599453,Mutual + Dummy,unconscious,unconscious,False,Image,False,11,0,9,0
779,01,lh-fusiform,0.5,0.0,0.0,0.6931471805599453,Mutual + Dummy,unconscious,unconscious,False,Image,False,11,0,7,0
780,01,lh-fusiform,0.5,0.0,0.0,0.6931471805599453,Mutual + Dummy,unconscious,unconscious,False,Image,False,11,0,6,0
781,01,lh-fusiform,0.5,0.0,0.0,0.6931471805599453,Mutual + Dummy,unconscious,unconscious,False,Image,False,11,0,11,0
782,01,lh-fusiform,0.5,0.0,0.0,0.6931471805599453,Mutual + Dummy,unconscious,unconscious,False,Image,False,11,0,5,0
783,01,lh-fusiform,0.5,0.0,0.0,0.6931471805599453,Mutual + Dummy,unconscious,unconscious,False,Image,False,11,0,9,0
784,01,lh-fusiform,0.5,0.0,0.0,0.6931471805599453,Mutual + Dummy,unconscious,unconscious,False,Image,False,11,0,6,0
785,01,lh-fusiform,0.5,0.0,0.0,0.6931471805599453,Mutual + Dummy,unconscious,unconscious,False,Image,False,11,0,6,0
786,01,lh-fusiform,0.5,0.0,0.0,0.6931471805599452,Mutual + Dummy,unconscious,unconscious,False,Image,False,11,0,15,0
787,01,lh-fusiform,0.5,0.0,0.0,0.6931471805599453,Mutual + Dummy,unconscious,unconscious,False,Image,False,11,0,10,0
788,01,lh-fusiform,0.5,0.0,0.0,0.6931471805599453,Mutual + Dummy,unconscious,unconscious,False,Image,False,11,0,4,0
789,01,lh-fusiform,0.5,0.0,0.0,0.6931471805599453,Mutual + Dummy,unconscious,unconscious,False,Image,False,11,0,5,0
790,01,lh-fusiform,0.5,0.0,0.0,0.6931471805599453,Mutual + Dummy,unconscious,unconscious,False,Image,False,11,0,6,0
791,01,lh-fusiform,0.5,0.0,0.0,0.6931471805599453,Mutual + Dummy,unconscious,unconscious,False,Image,False,11,0,8,0
792,01,lh-fusiform,0.5,0.0,0.0,0.6931471805599452,Mutual + Dummy,unconscious,unconscious,False,Image,False,11,0,15,0
793,01,lh-fusiform,0.5,0.0,0.0,0.6931471805599453,Mutual + Dummy,unconscious,unconscious,False,Image,False,11,0,6,0
794,01,lh-fusiform,0.5,0.0,0.0,0.6931471805599453,Mutual + Dummy,unconscious,unconscious,False,Image,False,11,0,10,0
795,01,lh-fusiform,0.5,0.0,0.0,0.6931471805599453,Mutual + Dummy,unconscious,unconscious,False,Image,False,11,0,8,0
796,01,lh-fusiform,0.5,0.0,0.0,0.6931471805599453,Mutual + Dummy,unconscious,unconscious,False,Image,False,11,0,6,0
797,01,lh-fusiform,0.5,0.0,0.0,0.6931471805599453,Mutual + Dummy,unconscious,unconscious,False,Image,False,11,0,2,0
798,01,lh-fusiform,0.5,0.0,0.0,0.6931471805599453,Mutual + Dummy,unconscious,unconscious,False,Image,False,11,0,8,0
799,01,lh-fusiform,0.5,0.0,0.0,0.6931471805599453,Mutual + Dummy,unconscious,unconscious,False,Image,False,11,0,5,0
800,01,lh-fusiform,0.5,0.0,0.0,0.6931471805599453,Mutual + Dummy,unconscious,unconscious,False,Image,False,11,0,11,0
801,01,lh-fusiform,0.5,0.0,0.0,0.6931471805599453,Mutual + Dummy,unconscious,unconscious,False,Image,False,11,0,8,0
802,01,lh-fusiform,0.5,0.0,0.0,0.6931471805599453,Mutual + Dummy,unconscious,unconscious,False,Image,False,11,0,5,0
803,01,lh-fusiform,0.5,0.0,0.0,0.6931471805599453,Mutual + Dummy,unconscious,unconscious,False,Image,False,11,0,5,0
804,01,lh-fusiform,0.5,0.0,0.0,0.6931471805599453,Mutual + Dummy,unconscious,unconscious,False,Image,False,11,0,10,0
805,01,lh-fusiform,0.5,0.0,0.0,0.6931471805599453,Mutual + Dummy,unconscious,unconscious,False,Image,False,11,0,6,0
806,01,lh-fusiform,0.5,0.0,0.0,0.6931471805599453,Mutual + Dummy,unconscious,unconscious,False,Image,False,11,0,8,0
807,01,lh-fusiform,0.5,0.0,0.0,0.6931471805599453,Mutual + Dummy,unconscious,unconscious,False,Image,False,11,0,4,0
808,01,lh-fusiform,0.5,0.0,0.0,0.6931471805599453,Mutual + Dummy,unconscious,unconscious,False,Image,False,11,0,9,0
809,01,lh-fusiform,0.5,0.0,0.0,0.6931471805599453,Mutual + Dummy,unconscious,unconscious,False,Image,False,11,0,8,0
810,01,lh-fusiform,0.5,0.0,0.0,0.6931471805599453,Mutual + Dummy,unconscious,unconscious,False,Image,False,11,0,4,0
811,01,lh-fusiform,0.5,0.0,0.0,0.6931471805599453,Mutual + Dummy,unconscious,unconscious,False,Image,False,11,0,5,0
812,01,lh-fusiform,0.5,0.0,0.0,0.6931471805599453,Mutual + Dummy,unconscious,unconscious,False,Image,False,11,0,7,0
813,01,lh-fusiform,0.5,0.0,0.0,0.6931471805599453,Mutual + Dummy,unconscious,unconscious,False,Image,False,11,0,7,0
814,01,lh-fusiform,0.5,0.0,0.0,0.6931471805599453,Mutual + Dummy,unconscious,unconscious,False,Image,False,11,0,11,0
815,01,lh-fusiform,0.5,0.0,0.0,0.6931471805599453,Mutual + Dummy,unconscious,unconscious,False,Image,False,11,0,6,0
816,01,lh-fusiform,0.5,0.0,0.0,0.6931471805599453,Mutual + Dummy,unconscious,unconscious,False,Image,False,11,0,5,0
817,01,lh-fusiform,0.5,0.0,0.0,0.6931471805599453,Mutual + Dummy,unconscious,unconscious,False,Image,False,11,0,2,0
818,01,lh-fusiform,0.5,0.0,0.0,0.6931471805599453,Mutual + Dummy,unconscious,unconscious,False,Image,False,11,0,8,0
819,01,lh-fusiform,0.5,0.0,0.0,0.6931471805599453,Mutual + Dummy,unconscious,unconscious,False,Image,False,11,0,13,0
820,01,lh-fusiform,0.5,0.0,0.0,0.6931471805599453,Mutual + Dummy,unconscious,unconscious,False,Image,False,11,0,9,0
821,01,lh-fusiform,0.5,0.0,0.0,0.6931471805599453,Mutual + Dummy,unconscious,unconscious,False,Image,False,11,0,2,0
822,01,lh-fusiform,0.5,0.0,0.0,0.6931471805599453,Mutual + Dummy,unconscious,unconscious,False,Image,False,11,0,5,0
823,01,lh-fusiform,0.5,0.0,0.0,0.6931471805599453,Mutual + Dummy,unconscious,unconscious,False,Image,False,11,0,8,0
824,01,lh-fusiform,0.5,0.0,0.0,0.6931471805599453,Mutual + Dummy,unconscious,unconscious,False,Image,False,11,0,5,0
825,01,lh-fusiform,0.5,0.0,0.0,0.6931471805599453,Mutual + Dummy,unconscious,unconscious,False,Image,False,11,0,8,0
826,01,lh-fusiform,0.5,0.0,0.0,0.6931471805599453,Mutual + Dummy,unconscious,unconscious,False,Image,False,11,0,9,0
827,01,lh-fusiform,0.5,0.0,0.0,0.6931471805599453,Mutual + Dummy,unconscious,unconscious,False,Image,False,11,0,7,0
828,01,lh-fusiform,0.5,0.0,0.0,0.6931471805599453,Mutual + Dummy,unconscious,unconscious,False,Image,False,11,0,6,0
829,01,lh-fusiform,0.5,0.0,0.0,0.6931471805599453,Mutual + Dummy,unconscious,unconscious,False,Image,False,11,0,11,0
830,01,lh-fusiform,0.5,0.0,0.0,0.6931471805599453,Mutual + Dummy,unconscious,unconscious,False,Image,False,11,0,5,0
831,01,lh-fusiform,0.5,0.0,0.0,0.6931471805599453,Mutual + Dummy,unconscious,unconscious,False,Image,False,11,0,9,0
832,01,lh-fusiform,0.5,0.0,0.0,0.6931471805599453,Mutual + Dummy,unconscious,unconscious,False,Image,False,11,0,6,0
833,01,lh-fusiform,0.5,0.0,0.0,0.6931471805599453,Mutual + Dummy,unconscious,unconscious,False,Image,False,11,0,6,0
834,01,lh-fusiform,0.5,0.0,0.0,0.6931471805599452,Mutual + Dummy,unconscious,unconscious,False,Image,False,11,0,15,0
835,01,lh-fusiform,0.5,0.0,0.0,0.6931471805599453,Mutual + Dummy,unconscious,unconscious,False,Image,False,11,0,10,0
836,01,lh-fusiform,0.5,0.0,0.0,0.6931471805599453,Mutual + Dummy,unconscious,unconscious,False,Image,False,11,0,4,0
837,01,lh-fusiform,0.5,0.0,0.0,0.6931471805599453,Mutual + Dummy,unconscious,unconscious,False,Image,False,11,0,5,0
838,01,lh-fusiform,0.5,0.0,0.0,0.6931471805599453,Mutual + Dummy,unconscious,unconscious,False,Image,False,11,0,6,0
839,01,lh-fusiform,0.5,0.0,0.0,0.6931471805599453,Mutual + Dummy,unconscious,unconscious,False,Image,False,11,0,8,0
840,01,lh-fusiform,0.5,0.0,0.0,0.6931471805599452,Mutual + Dummy,unconscious,unconscious,False,Image,False,11,0,15,0
841,01,lh-fusiform,0.5,0.0,0.0,0.6931471805599453,Mutual + Dummy,unconscious,unconscious,False,Image,False,11,0,6,0
842,01,lh-fusiform,0.5,0.0,0.0,0.6931471805599453,Mutual + Dummy,unconscious,unconscious,False,Image,False,11,0,10,0
843,01,lh-fusiform,0.5,0.0,0.0,0.6931471805599453,Mutual + Dummy,unconscious,unconscious,False,Image,False,11,0,8,0
844,01,lh-fusiform,0.5,0.0,0.0,0.6931471805599453,Mutual + Dummy,unconscious,unconscious,False,Image,False,11,0,6,0
845,01,lh-fusiform,0.5,0.0,0.0,0.6931471805599453,Mutual + Dummy,unconscious,unconscious,False,Image,False,11,0,2,0
846,01,lh-fusiform,0.5,0.0,0.0,0.6931471805599453,Mutual + Dummy,unconscious,unconscious,False,Image,False,11,0,8,0
847,01,lh-fusiform,0.5,0.0,0.0,0.6931471805599453,Mutual + Dummy,unconscious,unconscious,False,Image,False,11,0,5,0
848,01,lh-fusiform,0.5,0.0,0.0,0.6931471805599453,Mutual + Dummy,unconscious,unconscious,False,Image,False,11,0,11,0
849,01,lh-fusiform,0.5,0.0,0.0,0.6931471805599453,Mutual + Dummy,unconscious,unconscious,False,Image,False,11,0,8,0
850,01,lh-fusiform,0.5,0.0,0.0,0.6931471805599453,Mutual + Dummy,unconscious,unconscious,False,Image,False,11,0,5,0
851,01,lh-fusiform,0.5,0.0,0.0,0.6931471805599453,Mutual + Dummy,unconscious,unconscious,False,Image,False,11,0,5,0
852,01,lh-fusiform,0.5,0.0,0.0,0.6931471805599453,Mutual + Dummy,unconscious,unconscious,False,Image,False,11,0,10,0
853,01,lh-fusiform,0.5,0.0,0.0,0.6931471805599453,Mutual + Dummy,unconscious,unconscious,False,Image,False,11,0,6,0
854,01,lh-fusiform,0.5,0.0,0.0,0.6931471805599453,Mutual + Dummy,unconscious,unconscious,False,Image,False,11,0,8,0
855,01,lh-fusiform,0.5,0.0,0.0,0.6931471805599453,Mutual + Dummy,unconscious,unconscious,False,Image,False,11,0,4,0
856,01,lh-fusiform,0.5,0.0,0.0,0.6931471805599453,Mutual + Dummy,unconscious,unconscious,False,Image,False,11,0,9,0
857,01,lh-fusiform,0.5,0.0,0.0,0.6931471805599453,Mutual + Dummy,unconscious,unconscious,False,Image,False,11,0,8,0
858,01,lh-fusiform,0.5,0.0,0.0,0.6931471805599453,Mutual + Dummy,unconscious,unconscious,False,Image,False,11,0,4,0
859,01,lh-fusiform,0.5,0.0,0.0,0.6931471805599453,Mutual + Dummy,unconscious,unconscious,False,Image,False,11,0,5,0
860,01,lh-fusiform,0.5,0.0,0.0,0.6931471805599453,Mutual + Dummy,unconscious,unconscious,False,Image,False,11,0,7,0
861,01,lh-fusiform,0.5,0.0,0.0,0.6931471805599453,Mutual + Dummy,unconscious,unconscious,False,Image,False,11,0,7,0
862,01,lh-fusiform,0.5,0.0,0.0,0.6931471805599453,Mutual + Dummy,unconscious,unconscious,False,Image,False,11,0,11,0
863,01,lh-fusiform,0.5,0.0,0.0,0.6931471805599453,Mutual + Dummy,unconscious,unconscious,False,Image,False,11,0,6,0
864,01,lh-fusiform,0.5,0.0,0.0,0.6931471805599453,Mutual + Dummy,unconscious,unconscious,False,Image,False,11,0,5,0
865,01,lh-fusiform,0.5,0.0,0.0,0.6931471805599453,Mutual + Dummy,unconscious,unconscious,False,Image,False,6,0,2,0
866,01,lh-fusiform,0.5,0.0,0.0,0.6931471805599453,Mutual + Dummy,unconscious,unconscious,False,Image,False,6,0,8,0
867,01,lh-fusiform,0.5,0.0,0.0,0.6931471805599453,Mutual + Dummy,unconscious,unconscious,False,Image,False,6,0,13,0
868,01,lh-fusiform,0.5,0.0,0.0,0.6931471805599453,Mutual + Dummy,unconscious,unconscious,False,Image,False,6,0,9,0
869,01,lh-fusiform,0.5,0.0,0.0,0.6931471805599453,Mutual + Dummy,unconscious,unconscious,False,Image,False,6,0,2,0
870,01,lh-fusiform,0.5,0.0,0.0,0.6931471805599453,Mutual + Dummy,unconscious,unconscious,False,Image,False,6,0,5,0
871,01,lh-fusiform,0.5,0.0,0.0,0.6931471805599453,Mutual + Dummy,unconscious,unconscious,False,Image,False,6,0,8,0
872,01,lh-fusiform,0.5,0.0,0.0,0.6931471805599453,Mutual + Dummy,unconscious,unconscious,False,Image,False,6,0,5,0
873,01,lh-fusiform,0.5,0.0,0.0,0.6931471805599453,Mutual + Dummy,unconscious,unconscious,False,Image,False,6,0,8,0
874,01,lh-fusiform,0.5,0.0,0.0,0.6931471805599453,Mutual + Dummy,unconscious,unconscious,False,Image,False,6,0,9,0
875,01,lh-fusiform,0.5,0.0,0.0,0.6931471805599453,Mutual + Dummy,unconscious,unconscious,False,Image,False,6,0,7,0
876,01,lh-fusiform,0.5,0.0,0.0,0.6931471805599453,Mutual + Dummy,unconscious,unconscious,False,Image,False,6,0,6,0
877,01,lh-fusiform,0.5,0.0,0.0,0.6931471805599453,Mutual + Dummy,unconscious,unconscious,False,Image,False,6,0,11,0
878,01,lh-fusiform,0.5,0.0,0.0,0.6931471805599453,Mutual + Dummy,unconscious,unconscious,False,Image,False,6,0,5,0
879,01,lh-fusiform,0.5,0.0,0.0,0.6931471805599453,Mutual + Dummy,unconscious,unconscious,False,Image,False,6,0,9,0
880,01,lh-fusiform,0.5,0.0,0.0,0.6931471805599453,Mutual + Dummy,unconscious,unconscious,False,Image,False,6,0,6,0
881,01,lh-fusiform,0.5,0.0,0.0,0.6931471805599453,Mutual + Dummy,unconscious,unconscious,False,Image,False,6,0,6,0
882,01,lh-fusiform,0.5,0.0,0.0,0.6931471805599453,Mutual + Dummy,unconscious,unconscious,False,Image,False,6,0,15,0
883,01,lh-fusiform,0.5,0.0,0.0,0.6931471805599453,Mutual + Dummy,unconscious,unconscious,False,Image,False,6,0,10,0
884,01,lh-fusiform,0.5,0.0,0.0,0.6931471805599453,Mutual + Dummy,unconscious,unconscious,False,Image,False,6,0,4,0
885,01,lh-fusiform,0.5,0.0,0.0,0.6931471805599453,Mutual + Dummy,unconscious,unconscious,False,Image,False,6,0,5,0
886,01,lh-fusiform,0.5,0.0,0.0,0.6931471805599453,Mutual + Dummy,unconscious,unconscious,False,Image,False,6,0,6,0
887,01,lh-fusiform,0.5,0.0,0.0,0.6931471805599453,Mutual + Dummy,unconscious,unconscious,False,Image,False,6,0,8,0
888,01,lh-fusiform,0.5,0.0,0.0,0.6931471805599453,Mutual + Dummy,unconscious,unconscious,False,Image,False,6,0,15,0
889,01,lh-fusiform,0.5,0.0,0.0,0.6931471805599453,Mutual + Dummy,unconscious,unconscious,False,Image,False,6,0,6,0
890,01,lh-fusiform,0.5,0.0,0.0,0.6931471805599453,Mutual + Dummy,unconscious,unconscious,False,Image,False,6,0,10,0
891,01,lh-fusiform,0.5,0.0,0.0,0.6931471805599453,Mutual + Dummy,unconscious,unconscious,False,Image,False,6,0,8,0
892,01,lh-fusiform,0.5,0.0,0.0,0.6931471805599453,Mutual + Dummy,unconscious,unconscious,False,Image,False,6,0,6,0
893,01,lh-fusiform,0.5,0.0,0.0,0.6931471805599453,Mutual + Dummy,unconscious,unconscious,False,Image,False,6,0,2,0
894,01,lh-fusiform,0.5,0.0,0.0,0.6931471805599453,Mutual + Dummy,unconscious,unconscious,False,Image,False,6,0,8,0
895,01,lh-fusiform,0.5,0.0,0.0,0.6931471805599453,Mutual + Dummy,unconscious,unconscious,False,Image,False,6,0,5,0
896,01,lh-fusiform,0.5,0.0,0.0,0.6931471805599453,Mutual + Dummy,unconscious,unconscious,False,Image,False,6,0,11,0
897,01,lh-fusiform,0.5,0.0,0.0,0.6931471805599453,Mutual + Dummy,unconscious,unconscious,False,Image,False,6,0,8,0
898,01,lh-fusiform,0.5,0.0,0.0,0.6931471805599453,Mutual + Dummy,unconscious,unconscious,False,Image,False,6,0,5,0
899,01,lh-fusiform,0.5,0.0,0.0,0.6931471805599453,Mutual + Dummy,unconscious,unconscious,False,Image,False,6,0,5,0
900,01,lh-fusiform,0.5,0.0,0.0,0.6931471805599453,Mutual + Dummy,unconscious,unconscious,False,Image,False,6,0,10,0
901,01,lh-fusiform,0.5,0.0,0.0,0.6931471805599453,Mutual + Dummy,unconscious,unconscious,False,Image,False,6,0,6,0
902,01,lh-fusiform,0.5,0.0,0.0,0.6931471805599453,Mutual + Dummy,unconscious,unconscious,False,Image,False,6,0,8,0
903,01,lh-fusiform,0.5,0.0,0.0,0.6931471805599453,Mutual + Dummy,unconscious,unconscious,False,Image,False,6,0,4,0
904,01,lh-fusiform,0.5,0.0,0.0,0.6931471805599453,Mutual + Dummy,unconscious,unconscious,False,Image,False,6,0,9,0
905,01,lh-fusiform,0.5,0.0,0.0,0.6931471805599453,Mutual + Dummy,unconscious,unconscious,False,Image,False,6,0,8,0
906,01,lh-fusiform,0.5,0.0,0.0,0.6931471805599453,Mutual + Dummy,unconscious,unconscious,False,Image,False,6,0,4,0
907,01,lh-fusiform,0.5,0.0,0.0,0.6931471805599453,Mutual + Dummy,unconscious,unconscious,False,Image,False,6,0,5,0
908,01,lh-fusiform,0.5,0.0,0.0,0.6931471805599453,Mutual + Dummy,unconscious,unconscious,False,Image,False,6,0,7,0
909,01,lh-fusiform,0.5,0.0,0.0,0.6931471805599453,Mutual + Dummy,unconscious,unconscious,False,Image,False,6,0,7,0
910,01,lh-fusiform,0.5,0.0,0.0,0.6931471805599453,Mutual + Dummy,unconscious,unconscious,False,Image,False,6,0,11,0
911,01,lh-fusiform,0.5,0.0,0.0,0.6931471805599453,Mutual + Dummy,unconscious,unconscious,False,Image,False,6,0,6,0
912,01,lh-fusiform,0.5,0.0,0.0,0.6931471805599453,Mutual + Dummy,unconscious,unconscious,False,Image,False,6,0,5,0
913,01,lh-fusiform,0.5,0.0,0.0,0.6931471805599453,Mutual + Dummy,unconscious,unconscious,False,Image,False,5,0,2,0
914,01,lh-fusiform,0.5,0.0,0.0,0.6931471805599453,Mutual + Dummy,unconscious,unconscious,False,Image,False,5,0,8,0
915,01,lh-fusiform,0.5,0.0,0.0,0.6931471805599453,Mutual + Dummy,unconscious,unconscious,False,Image,False,5,0,13,0
916,01,lh-fusiform,0.5,0.0,0.0,0.6931471805599453,Mutual + Dummy,unconscious,unconscious,False,Image,False,5,0,9,0
917,01,lh-fusiform,0.5,0.0,0.0,0.6931471805599453,Mutual + Dummy,unconscious,unconscious,False,Image,False,5,0,2,0
918,01,lh-fusiform,0.5,0.0,0.0,0.6931471805599453,Mutual + Dummy,unconscious,unconscious,False,Image,False,5,0,5,0
919,01,lh-fusiform,0.5,0.0,0.0,0.6931471805599453,Mutual + Dummy,unconscious,unconscious,False,Image,False,5,0,8,0
920,01,lh-fusiform,0.5,0.0,0.0,0.6931471805599453,Mutual + Dummy,unconscious,unconscious,False,Image,False,5,0,5,0
921,01,lh-fusiform,0.5,0.0,0.0,0.6931471805599453,Mutual + Dummy,unconscious,unconscious,False,Image,False,5,0,8,0
922,01,lh-fusiform,0.5,0.0,0.0,0.6931471805599453,Mutual + Dummy,unconscious,unconscious,False,Image,False,5,0,9,0
923,01,lh-fusiform,0.5,0.0,0.0,0.6931471805599453,Mutual + Dummy,unconscious,unconscious,False,Image,False,5,0,7,0
924,01,lh-fusiform,0.5,0.0,0.0,0.6931471805599453,Mutual + Dummy,unconscious,unconscious,False,Image,False,5,0,6,0
925,01,lh-fusiform,0.5,0.0,0.0,0.6931471805599453,Mutual + Dummy,unconscious,unconscious,False,Image,False,5,0,11,0
926,01,lh-fusiform,0.5,0.0,0.0,0.6931471805599453,Mutual + Dummy,unconscious,unconscious,False,Image,False,5,0,5,0
927,01,lh-fusiform,0.5,0.0,0.0,0.6931471805599453,Mutual + Dummy,unconscious,unconscious,False,Image,False,5,0,9,0
928,01,lh-fusiform,0.5,0.0,0.0,0.6931471805599453,Mutual + Dummy,unconscious,unconscious,False,Image,False,5,0,6,0
929,01,lh-fusiform,0.5,0.0,0.0,0.6931471805599453,Mutual + Dummy,unconscious,unconscious,False,Image,False,5,0,6,0
930,01,lh-fusiform,0.5,0.0,0.0,0.6931471805599453,Mutual + Dummy,unconscious,unconscious,False,Image,False,5,0,15,0
931,01,lh-fusiform,0.5,0.0,0.0,0.6931471805599453,Mutual + Dummy,unconscious,unconscious,False,Image,False,5,0,10,0
932,01,lh-fusiform,0.5,0.0,0.0,0.6931471805599453,Mutual + Dummy,unconscious,unconscious,False,Image,False,5,0,4,0
933,01,lh-fusiform,0.5,0.0,0.0,0.6931471805599453,Mutual + Dummy,unconscious,unconscious,False,Image,False,5,0,5,0
934,01,lh-fusiform,0.5,0.0,0.0,0.6931471805599453,Mutual + Dummy,unconscious,unconscious,False,Image,False,5,0,6,0
935,01,lh-fusiform,0.5,0.0,0.0,0.6931471805599453,Mutual + Dummy,unconscious,unconscious,False,Image,False,5,0,8,0
936,01,lh-fusiform,0.5,0.0,0.0,0.6931471805599453,Mutual + Dummy,unconscious,unconscious,False,Image,False,5,0,15,0
937,01,lh-fusiform,0.5,0.0,0.0,0.6931471805599453,Mutual + Dummy,unconscious,unconscious,False,Image,False,5,0,6,0
938,01,lh-fusiform,0.5,0.0,0.0,0.6931471805599453,Mutual + Dummy,unconscious,unconscious,False,Image,False,5,0,10,0
939,01,lh-fusiform,0.5,0.0,0.0,0.6931471805599453,Mutual + Dummy,unconscious,unconscious,False,Image,False,5,0,8,0
940,01,lh-fusiform,0.5,0.0,0.0,0.6931471805599453,Mutual + Dummy,unconscious,unconscious,False,Image,False,5,0,6,0
941,01,lh-fusiform,0.5,0.0,0.0,0.6931471805599453,Mutual + Dummy,unconscious,unconscious,False,Image,False,5,0,2,0
942,01,lh-fusiform,0.5,0.0,0.0,0.6931471805599453,Mutual + Dummy,unconscious,unconscious,False,Image,False,5,0,8,0
943,01,lh-fusiform,0.5,0.0,0.0,0.6931471805599453,Mutual + Dummy,unconscious,unconscious,False,Image,False,5,0,5,0
944,01,lh-fusiform,0.5,0.0,0.0,0.6931471805599453,Mutual + Dummy,unconscious,unconscious,False,Image,False,5,0,11,0
945,01,lh-fusiform,0.5,0.0,0.0,0.6931471805599453,Mutual + Dummy,unconscious,unconscious,False,Image,False,5,0,8,0
946,01,lh-fusiform,0.5,0.0,0.0,0.6931471805599453,Mutual + Dummy,unconscious,unconscious,False,Image,False,5,0,5,0
947,01,lh-fusiform,0.5,0.0,0.0,0.6931471805599453,Mutual + Dummy,unconscious,unconscious,False,Image,False,5,0,5,0
948,01,lh-fusiform,0.5,0.0,0.0,0.6931471805599453,Mutual + Dummy,unconscious,unconscious,False,Image,False,5,0,10,0
949,01,lh-fusiform,0.5,0.0,0.0,0.6931471805599453,Mutual + Dummy,unconscious,unconscious,False,Image,False,5,0,6,0
950,01,lh-fusiform,0.5,0.0,0.0,0.6931471805599453,Mutual + Dummy,unconscious,unconscious,False,Image,False,5,0,8,0
951,01,lh-fusiform,0.5,0.0,0.0,0.6931471805599453,Mutual + Dummy,unconscious,unconscious,False,Image,False,5,0,4,0
952,01,lh-fusiform,0.5,0.0,0.0,0.6931471805599453,Mutual + Dummy,unconscious,unconscious,False,Image,False,5,0,9,0
953,01,lh-fusiform,0.5,0.0,0.0,0.6931471805599453,Mutual + Dummy,unconscious,unconscious,False,Image,False,5,0,8,0
954,01,lh-fusiform,0.5,0.0,0.0,0.6931471805599453,Mutual + Dummy,unconscious,unconscious,False,Image,False,5,0,4,0
955,01,lh-fusiform,0.5,0.0,0.0,0.6931471805599453,Mutual + Dummy,unconscious,unconscious,False,Image,False,5,0,5,0
956,01,lh-fusiform,0.5,0.0,0.0,0.6931471805599453,Mutual + Dummy,unconscious,unconscious,False,Image,False,5,0,7,0
957,01,lh-fusiform,0.5,0.0,0.0,0.6931471805599453,Mutual + Dummy,unconscious,unconscious,False,Image,False,5,0,7,0
958,01,lh-fusiform,0.5,0.0,0.0,0.6931471805599453,Mutual + Dummy,unconscious,unconscious,False,Image,False,5,0,11,0
959,01,lh-fusiform,0.5,0.0,0.0,0.6931471805599453,Mutual + Dummy,unconscious,unconscious,False,Image,False,5,0,6,0
960,01,lh-fusiform,0.5,0.0,0.0,0.6931471805599453,Mutual + Dummy,unconscious,unconscious,False,Image,False,5,0,5,0
961,01,lh-fusiform,0.5,0.0,0.0,0.6931471805599453,Mutual + Dummy,unconscious,unconscious,False,Image,False,8,0,2,0
962,01,lh-fusiform,0.5,0.0,0.0,0.6931471805599453,Mutual + Dummy,unconscious,unconscious,False,Image,False,8,0,8,0
963,01,lh-fusiform,0.5,0.0,0.0,0.6931471805599453,Mutual + Dummy,unconscious,unconscious,False,Image,False,8,0,13,0
964,01,lh-fusiform,0.5,0.0,0.0,0.6931471805599453,Mutual + Dummy,unconscious,unconscious,False,Image,False,8,0,9,0
965,01,lh-fusiform,0.5,0.0,0.0,0.6931471805599453,Mutual + Dummy,unconscious,unconscious,False,Image,False,8,0,2,0
966,01,lh-fusiform,0.5,0.0,0.0,0.6931471805599453,Mutual + Dummy,unconscious,unconscious,False,Image,False,8,0,5,0
967,01,lh-fusiform,0.5,0.0,0.0,0.6931471805599453,Mutual + Dummy,unconscious,unconscious,False,Image,False,8,0,8,0
968,01,lh-fusiform,0.5,0.0,0.0,0.6931471805599453,Mutual + Dummy,unconscious,unconscious,False,Image,False,8,0,5,0
969,01,lh-fusiform,0.5,0.0,0.0,0.6931471805599453,Mutual + Dummy,unconscious,unconscious,False,Image,False,8,0,8,0
970,01,lh-fusiform,0.5,0.0,0.0,0.6931471805599453,Mutual + Dummy,unconscious,unconscious,False,Image,False,8,0,9,0
971,01,lh-fusiform,0.5,0.0,0.0,0.6931471805599453,Mutual + Dummy,unconscious,unconscious,False,Image,False,8,0,7,0
972,01,lh-fusiform,0.5,0.0,0.0,0.6931471805599453,Mutual + Dummy,unconscious,unconscious,False,Image,False,8,0,6,0
973,01,lh-fusiform,0.5,0.0,0.0,0.6931471805599453,Mutual + Dummy,unconscious,unconscious,False,Image,False,8,0,11,0
974,01,lh-fusiform,0.5,0.0,0.0,0.6931471805599453,Mutual + Dummy,unconscious,unconscious,False,Image,False,8,0,5,0
975,01,lh-fusiform,0.5,0.0,0.0,0.6931471805599453,Mutual + Dummy,unconscious,unconscious,False,Image,False,8,0,9,0
976,01,lh-fusiform,0.5,0.0,0.0,0.6931471805599453,Mutual + Dummy,unconscious,unconscious,False,Image,False,8,0,6,0
977,01,lh-fusiform,0.5,0.0,0.0,0.6931471805599453,Mutual + Dummy,unconscious,unconscious,False,Image,False,8,0,6,0
978,01,lh-fusiform,0.5,0.0,0.0,0.6931471805599453,Mutual + Dummy,unconscious,unconscious,False,Image,False,8,0,15,0
979,01,lh-fusiform,0.5,0.0,0.0,0.6931471805599453,Mutual + Dummy,unconscious,unconscious,False,Image,False,8,0,10,0
980,01,lh-fusiform,0.5,0.0,0.0,0.6931471805599453,Mutual + Dummy,unconscious,unconscious,False,Image,False,8,0,4,0
981,01,lh-fusiform,0.5,0.0,0.0,0.6931471805599453,Mutual + Dummy,unconscious,unconscious,False,Image,False,8,0,5,0
982,01,lh-fusiform,0.5,0.0,0.0,0.6931471805599453,Mutual + Dummy,unconscious,unconscious,False,Image,False,8,0,6,0
983,01,lh-fusiform,0.5,0.0,0.0,0.6931471805599453,Mutual + Dummy,unconscious,unconscious,False,Image,False,8,0,8,0
984,01,lh-fusiform,0.5,0.0,0.0,0.6931471805599453,Mutual + Dummy,unconscious,unconscious,False,Image,False,8,0,15,0
985,01,lh-fusiform,0.5,0.0,0.0,0.6931471805599453,Mutual + Dummy,unconscious,unconscious,False,Image,False,8,0,6,0
986,01,lh-fusiform,0.5,0.0,0.0,0.6931471805599453,Mutual + Dummy,unconscious,unconscious,False,Image,False,8,0,10,0
987,01,lh-fusiform,0.5,0.0,0.0,0.6931471805599453,Mutual + Dummy,unconscious,unconscious,False,Image,False,8,0,8,0
988,01,lh-fusiform,0.5,0.0,0.0,0.6931471805599453,Mutual + Dummy,unconscious,unconscious,False,Image,False,8,0,6,0
989,01,lh-fusiform,0.5,0.0,0.0,0.6931471805599453,Mutual + Dummy,unconscious,unconscious,False,Image,False,8,0,2,0
990,01,lh-fusiform,0.5,0.0,0.0,0.6931471805599453,Mutual + Dummy,unconscious,unconscious,False,Image,False,8,0,8,0
991,01,lh-fusiform,0.5,0.0,0.0,0.6931471805599453,Mutual + Dummy,unconscious,unconscious,False,Image,False,8,0,5,0
992,01,lh-fusiform,0.5,0.0,0.0,0.6931471805599453,Mutual + Dummy,unconscious,unconscious,False,Image,False,8,0,11,0
993,01,lh-fusiform,0.5,0.0,0.0,0.6931471805599453,Mutual + Dummy,unconscious,unconscious,False,Image,False,8,0,8,0
994,01,lh-fusiform,0.5,0.0,0.0,0.6931471805599453,Mutual + Dummy,unconscious,unconscious,False,Image,False,8,0,5,0
995,01,lh-fusiform,0.5,0.0,0.0,0.6931471805599453,Mutual + Dummy,unconscious,unconscious,False,Image,False,8,0,5,0
996,01,lh-fusiform,0.5,0.0,0.0,0.6931471805599453,Mutual + Dummy,unconscious,unconscious,False,Image,False,8,0,10,0
997,01,lh-fusiform,0.5,0.0,0.0,0.6931471805599453,Mutual + Dummy,unconscious,unconscious,False,Image,False,8,0,6,0
998,01,lh-fusiform,0.5,0.0,0.0,0.6931471805599453,Mutual + Dummy,unconscious,unconscious,False,Image,False,8,0,8,0
999,01,lh-fusiform,0.5,0.0,0.0,0.6931471805599453,Mutual + Dummy,unconscious,unconscious,False,Image,False,8,0,4,0
1000,01,lh-fusiform,0.5,0.0,0.0,0.6931471805599453,Mutual + Dummy,unconscious,unconscious,False,Image,False,8,0,9,0
1001,01,lh-fusiform,0.5,0.0,0.0,0.6931471805599453,Mutual + Dummy,unconscious,unconscious,False,Image,False,8,0,8,0
1002,01,lh-fusiform,0.5,0.0,0.0,0.6931471805599453,Mutual + Dummy,unconscious,unconscious,False,Image,False,8,0,4,0
1003,01,lh-fusiform,0.5,0.0,0.0,0.6931471805599453,Mutual + Dummy,unconscious,unconscious,False,Image,False,8,0,5,0
1004,01,lh-fusiform,0.5,0.0,0.0,0.6931471805599453,Mutual + Dummy,unconscious,unconscious,False,Image,False,8,0,7,0
1005,01,lh-fusiform,0.5,0.0,0.0,0.6931471805599453,Mutual + Dummy,unconscious,unconscious,False,Image,False,8,0,7,0
1006,01,lh-fusiform,0.5,0.0,0.0,0.6931471805599453,Mutual + Dummy,unconscious,unconscious,False,Image,False,8,0,11,0
1007,01,lh-fusiform,0.5,0.0,0.0,0.6931471805599453,Mutual + Dummy,unconscious,unconscious,False,Image,False,8,0,6,0
1008,01,lh-fusiform,0.5,0.0,0.0,0.6931471805599453,Mutual + Dummy,unconscious,unconscious,False,Image,False,8,0,5,0
1009,01,lh-fusiform,0.5,0.0,0.0,0.6931471805599453,Mutual + Dummy,unconscious,unconscious,False,Image,False,10,0,2,0
1010,01,lh-fusiform,0.5,0.0,0.0,0.6931471805599453,Mutual + Dummy,unconscious,unconscious,False,Image,False,10,0,8,0
1011,01,lh-fusiform,0.5,0.0,0.0,0.6931471805599453,Mutual + Dummy,unconscious,unconscious,False,Image,False,10,0,13,0
1012,01,lh-fusiform,0.5,0.0,0.0,0.6931471805599453,Mutual + Dummy,unconscious,unconscious,False,Image,False,10,0,9,0
1013,01,lh-fusiform,0.5,0.0,0.0,0.6931471805599453,Mutual + Dummy,unconscious,unconscious,False,Image,False,10,0,2,0
1014,01,lh-fusiform,0.5,0.0,0.0,0.6931471805599453,Mutual + Dummy,unconscious,unconscious,False,Image,False,10,0,5,0
1015,01,lh-fusiform,0.5,0.0,0.0,0.6931471805599453,Mutual + Dummy,unconscious,unconscious,False,Image,False,10,0,8,0
1016,01,lh-fusiform,0.5,0.0,0.0,0.6931471805599453,Mutual + Dummy,unconscious,unconscious,False,Image,False,10,0,5,0
1017,01,lh-fusiform,0.5,0.0,0.0,0.6931471805599453,Mutual + Dummy,unconscious,unconscious,False,Image,False,10,0,8,0
1018,01,lh-fusiform,0.5,0.0,0.0,0.6931471805599453,Mutual + Dummy,unconscious,unconscious,False,Image,False,10,0,9,0
1019,01,lh-fusiform,0.5,0.0,0.0,0.6931471805599453,Mutual + Dummy,unconscious,unconscious,False,Image,False,10,0,7,0
1020,01,lh-fusiform,0.5,0.0,0.0,0.6931471805599453,Mutual + Dummy,unconscious,unconscious,False,Image,False,10,0,6,0
1021,01,lh-fusiform,0.5,0.0,0.0,0.6931471805599453,Mutual + Dummy,unconscious,unconscious,False,Image,False,10,0,11,0
1022,01,lh-fusiform,0.5,0.0,0.0,0.6931471805599453,Mutual + Dummy,unconscious,unconscious,False,Image,False,10,0,5,0
1023,01,lh-fusiform,0.5,0.0,0.0,0.6931471805599453,Mutual + Dummy,unconscious,unconscious,False,Image,False,10,0,9,0
1024,01,lh-fusiform,0.5,0.0,0.0,0.6931471805599453,Mutual + Dummy,unconscious,unconscious,False,Image,False,10,0,6,0
1025,01,lh-fusiform,0.5,0.0,0.0,0.6931471805599453,Mutual + Dummy,unconscious,unconscious,False,Image,False,10,0,6,0
1026,01,lh-fusiform,0.5,0.0,0.0,0.6931471805599452,Mutual + Dummy,unconscious,unconscious,False,Image,False,10,0,15,0
1027,01,lh-fusiform,0.5,0.0,0.0,0.6931471805599453,Mutual + Dummy,unconscious,unconscious,False,Image,False,10,0,10,0
1028,01,lh-fusiform,0.5,0.0,0.0,0.6931471805599453,Mutual + Dummy,unconscious,unconscious,False,Image,False,10,0,4,0
1029,01,lh-fusiform,0.5,0.0,0.0,0.6931471805599453,Mutual + Dummy,unconscious,unconscious,False,Image,False,10,0,5,0
1030,01,lh-fusiform,0.5,0.0,0.0,0.6931471805599453,Mutual + Dummy,unconscious,unconscious,False,Image,False,10,0,6,0
1031,01,lh-fusiform,0.5,0.0,0.0,0.6931471805599453,Mutual + Dummy,unconscious,unconscious,False,Image,False,10,0,8,0
1032,01,lh-fusiform,0.5,0.0,0.0,0.6931471805599452,Mutual + Dummy,unconscious,unconscious,False,Image,False,10,0,15,0
1033,01,lh-fusiform,0.5,0.0,0.0,0.6931471805599453,Mutual + Dummy,unconscious,unconscious,False,Image,False,10,0,6,0
1034,01,lh-fusiform,0.5,0.0,0.0,0.6931471805599453,Mutual + Dummy,unconscious,unconscious,False,Image,False,10,0,10,0
1035,01,lh-fusiform,0.5,0.0,0.0,0.6931471805599453,Mutual + Dummy,unconscious,unconscious,False,Image,False,10,0,8,0
1036,01,lh-fusiform,0.5,0.0,0.0,0.6931471805599453,Mutual + Dummy,unconscious,unconscious,False,Image,False,10,0,6,0
1037,01,lh-fusiform,0.5,0.0,0.0,0.6931471805599453,Mutual + Dummy,unconscious,unconscious,False,Image,False,10,0,2,0
1038,01,lh-fusiform,0.5,0.0,0.0,0.6931471805599453,Mutual + Dummy,unconscious,unconscious,False,Image,False,10,0,8,0
1039,01,lh-fusiform,0.5,0.0,0.0,0.6931471805599453,Mutual + Dummy,unconscious,unconscious,False,Image,False,10,0,5,0
1040,01,lh-fusiform,0.5,0.0,0.0,0.6931471805599453,Mutual + Dummy,unconscious,unconscious,False,Image,False,10,0,11,0
1041,01,lh-fusiform,0.5,0.0,0.0,0.6931471805599453,Mutual + Dummy,unconscious,unconscious,False,Image,False,10,0,8,0
1042,01,lh-fusiform,0.5,0.0,0.0,0.6931471805599453,Mutual + Dummy,unconscious,unconscious,False,Image,False,10,0,5,0
1043,01,lh-fusiform,0.5,0.0,0.0,0.6931471805599453,Mutual + Dummy,unconscious,unconscious,False,Image,False,10,0,5,0
1044,01,lh-fusiform,0.5,0.0,0.0,0.6931471805599453,Mutual + Dummy,unconscious,unconscious,False,Image,False,10,0,10,0
1045,01,lh-fusiform,0.5,0.0,0.0,0.6931471805599453,Mutual + Dummy,unconscious,unconscious,False,Image,False,10,0,6,0
1046,01,lh-fusiform,0.5,0.0,0.0,0.6931471805599453,Mutual + Dummy,unconscious,unconscious,False,Image,False,10,0,8,0
1047,01,lh-fusiform,0.5,0.0,0.0,0.6931471805599453,Mutual + Dummy,unconscious,unconscious,False,Image,False,10,0,4,0
1048,01,lh-fusiform,0.5,0.0,0.0,0.6931471805599453,Mutual + Dummy,unconscious,unconscious,False,Image,False,10,0,9,0
1049,01,lh-fusiform,0.5,0.0,0.0,0.6931471805599453,Mutual + Dummy,unconscious,unconscious,False,Image,False,10,0,8,0
1050,01,lh-fusiform,0.5,0.0,0.0,0.6931471805599453,Mutual + Dummy,unconscious,unconscious,False,Image,False,10,0,4,0
1051,01,lh-fusiform,0.5,0.0,0.0,0.6931471805599453,Mutual + Dummy,unconscious,unconscious,False,Image,False,10,0,5,0
1052,01,lh-fusiform,0.5,0.0,0.0,0.6931471805599453,Mutual + Dummy,unconscious,unconscious,False,Image,False,10,0,7,0
1053,01,lh-fusiform,0.5,0.0,0.0,0.6931471805599453,Mutual + Dummy,unconscious,unconscious,False,Image,False,10,0,7,0
1054,01,lh-fusiform,0.5,0.0,0.0,0.6931471805599453,Mutual + Dummy,unconscious,unconscious,False,Image,False,10,0,11,0
1055,01,lh-fusiform,0.5,0.0,0.0,0.6931471805599453,Mutual + Dummy,unconscious,unconscious,False,Image,False,10,0,6,0
1056,01,lh-fusiform,0.5,0.0,0.0,0.6931471805599453,Mutual + Dummy,unconscious,unconscious,False,Image,False,10,0,5,0
1057,01,lh-fusiform,0.5,0.0,0.0,0.6931471805599453,Mutual + Dummy,unconscious,unconscious,False,Image,False,6,0,2,0
1058,01,lh-fusiform,0.5,0.0,0.0,0.6931471805599453,Mutual + Dummy,unconscious,unconscious,False,Image,False,6,0,8,0
1059,01,lh-fusiform,0.5,0.0,0.0,0.6931471805599453,Mutual + Dummy,unconscious,unconscious,False,Image,False,6,0,13,0
1060,01,lh-fusiform,0.5,0.0,0.0,0.6931471805599453,Mutual + Dummy,unconscious,unconscious,False,Image,False,6,0,9,0
1061,01,lh-fusiform,0.5,0.0,0.0,0.6931471805599453,Mutual + Dummy,unconscious,unconscious,False,Image,False,6,0,2,0
1062,01,lh-fusiform,0.5,0.0,0.0,0.6931471805599453,Mutual + Dummy,unconscious,unconscious,False,Image,False,6,0,5,0
1063,01,lh-fusiform,0.5,0.0,0.0,0.6931471805599453,Mutual + Dummy,unconscious,unconscious,False,Image,False,6,0,8,0
1064,01,lh-fusiform,0.5,0.0,0.0,0.6931471805599453,Mutual + Dummy,unconscious,unconscious,False,Image,False,6,0,5,0
1065,01,lh-fusiform,0.5,0.0,0.0,0.6931471805599453,Mutual + Dummy,unconscious,unconscious,False,Image,False,6,0,8,0
1066,01,lh-fusiform,0.5,0.0,0.0,0.6931471805599453,Mutual + Dummy,unconscious,unconscious,False,Image,False,6,0,9,0
1067,01,lh-fusiform,0.5,0.0,0.0,0.6931471805599453,Mutual + Dummy,unconscious,unconscious,False,Image,False,6,0,7,0
1068,01,lh-fusiform,0.5,0.0,0.0,0.6931471805599453,Mutual + Dummy,unconscious,unconscious,False,Image,False,6,0,6,0
1069,01,lh-fusiform,0.5,0.0,0.0,0.6931471805599453,Mutual + Dummy,unconscious,unconscious,False,Image,False,6,0,11,0
1070,01,lh-fusiform,0.5,0.0,0.0,0.6931471805599453,Mutual + Dummy,unconscious,unconscious,False,Image,False,6,0,5,0
1071,01,lh-fusiform,0.5,0.0,0.0,0.6931471805599453,Mutual + Dummy,unconscious,unconscious,False,Image,False,6,0,9,0
1072,01,lh-fusiform,0.5,0.0,0.0,0.6931471805599453,Mutual + Dummy,unconscious,unconscious,False,Image,False,6,0,6,0
1073,01,lh-fusiform,0.5,0.0,0.0,0.6931471805599453,Mutual + Dummy,unconscious,unconscious,False,Image,False,6,0,6,0
1074,01,lh-fusiform,0.5,0.0,0.0,0.6931471805599453,Mutual + Dummy,unconscious,unconscious,False,Image,False,6,0,15,0
1075,01,lh-fusiform,0.5,0.0,0.0,0.6931471805599453,Mutual + Dummy,unconscious,unconscious,False,Image,False,6,0,10,0
1076,01,lh-fusiform,0.5,0.0,0.0,0.6931471805599453,Mutual + Dummy,unconscious,unconscious,False,Image,False,6,0,4,0
1077,01,lh-fusiform,0.5,0.0,0.0,0.6931471805599453,Mutual + Dummy,unconscious,unconscious,False,Image,False,6,0,5,0
1078,01,lh-fusiform,0.5,0.0,0.0,0.6931471805599453,Mutual + Dummy,unconscious,unconscious,False,Image,False,6,0,6,0
1079,01,lh-fusiform,0.5,0.0,0.0,0.6931471805599453,Mutual + Dummy,unconscious,unconscious,False,Image,False,6,0,8,0
1080,01,lh-fusiform,0.5,0.0,0.0,0.6931471805599453,Mutual + Dummy,unconscious,unconscious,False,Image,False,6,0,15,0
1081,01,lh-fusiform,0.5,0.0,0.0,0.6931471805599453,Mutual + Dummy,unconscious,unconscious,False,Image,False,6,0,6,0
1082,01,lh-fusiform,0.5,0.0,0.0,0.6931471805599453,Mutual + Dummy,unconscious,unconscious,False,Image,False,6,0,10,0
1083,01,lh-fusiform,0.5,0.0,0.0,0.6931471805599453,Mutual + Dummy,unconscious,unconscious,False,Image,False,6,0,8,0
1084,01,lh-fusiform,0.5,0.0,0.0,0.6931471805599453,Mutual + Dummy,unconscious,unconscious,False,Image,False,6,0,6,0
1085,01,lh-fusiform,0.5,0.0,0.0,0.6931471805599453,Mutual + Dummy,unconscious,unconscious,False,Image,False,6,0,2,0
1086,01,lh-fusiform,0.5,0.0,0.0,0.6931471805599453,Mutual + Dummy,unconscious,unconscious,False,Image,False,6,0,8,0
1087,01,lh-fusiform,0.5,0.0,0.0,0.6931471805599453,Mutual + Dummy,unconscious,unconscious,False,Image,False,6,0,5,0
1088,01,lh-fusiform,0.5,0.0,0.0,0.6931471805599453,Mutual + Dummy,unconscious,unconscious,False,Image,False,6,0,11,0
1089,01,lh-fusiform,0.5,0.0,0.0,0.6931471805599453,Mutual + Dummy,unconscious,unconscious,False,Image,False,6,0,8,0
1090,01,lh-fusiform,0.5,0.0,0.0,0.6931471805599453,Mutual + Dummy,unconscious,unconscious,False,Image,False,6,0,5,0
1091,01,lh-fusiform,0.5,0.0,0.0,0.6931471805599453,Mutual + Dummy,unconscious,unconscious,False,Image,False,6,0,5,0
1092,01,lh-fusiform,0.5,0.0,0.0,0.6931471805599453,Mutual + Dummy,unconscious,unconscious,False,Image,False,6,0,10,0
1093,01,lh-fusiform,0.5,0.0,0.0,0.6931471805599453,Mutual + Dummy,unconscious,unconscious,False,Image,False,6,0,6,0
1094,01,lh-fusiform,0.5,0.0,0.0,0.6931471805599453,Mutual + Dummy,unconscious,unconscious,False,Image,False,6,0,8,0
1095,01,lh-fusiform,0.5,0.0,0.0,0.6931471805599453,Mutual + Dummy,unconscious,unconscious,False,Image,False,6,0,4,0
1096,01,lh-fusiform,0.5,0.0,0.0,0.6931471805599453,Mutual + Dummy,unconscious,unconscious,False,Image,False,6,0,9,0
1097,01,lh-fusiform,0.5,0.0,0.0,0.6931471805599453,Mutual + Dummy,unconscious,unconscious,False,Image,False,6,0,8,0
1098,01,lh-fusiform,0.5,0.0,0.0,0.6931471805599453,Mutual + Dummy,unconscious,unconscious,False,Image,False,6,0,4,0
1099,01,lh-fusiform,0.5,0.0,0.0,0.6931471805599453,Mutual + Dummy,unconscious,unconscious,False,Image,False,6,0,5,0
1100,01,lh-fusiform,0.5,0.0,0.0,0.6931471805599453,Mutual + Dummy,unconscious,unconscious,False,Image,False,6,0,7,0
1101,01,lh-fusiform,0.5,0.0,0.0,0.6931471805599453,Mutual + Dummy,unconscious,unconscious,False,Image,False,6,0,7,0
1102,01,lh-fusiform,0.5,0.0,0.0,0.6931471805599453,Mutual + Dummy,unconscious,unconscious,False,Image,False,6,0,11,0
1103,01,lh-fusiform,0.5,0.0,0.0,0.6931471805599453,Mutual + Dummy,unconscious,unconscious,False,Image,False,6,0,6,0
1104,01,lh-fusiform,0.5,0.0,0.0,0.6931471805599453,Mutual + Dummy,unconscious,unconscious,False,Image,False,6,0,5,0
1105,01,lh-fusiform,0.5,0.0,0.0,0.6931471805599453,Mutual + Dummy,unconscious,unconscious,False,Image,False,9,0,2,0
1106,01,lh-fusiform,0.5,0.0,0.0,0.6931471805599453,Mutual + Dummy,unconscious,unconscious,False,Image,False,9,0,8,0
1107,01,lh-fusiform,0.5,0.0,0.0,0.6931471805599453,Mutual + Dummy,unconscious,unconscious,False,Image,False,9,0,13,0
1108,01,lh-fusiform,0.5,0.0,0.0,0.6931471805599453,Mutual + Dummy,unconscious,unconscious,False,Image,False,9,0,9,0
1109,01,lh-fusiform,0.5,0.0,0.0,0.6931471805599453,Mutual + Dummy,unconscious,unconscious,False,Image,False,9,0,2,0
1110,01,lh-fusiform,0.5,0.0,0.0,0.6931471805599453,Mutual + Dummy,unconscious,unconscious,False,Image,False,9,0,5,0
1111,01,lh-fusiform,0.5,0.0,0.0,0.6931471805599453,Mutual + Dummy,unconscious,unconscious,False,Image,False,9,0,8,0
1112,01,lh-fusiform,0.5,0.0,0.0,0.6931471805599453,Mutual + Dummy,unconscious,unconscious,False,Image,False,9,0,5,0
1113,01,lh-fusiform,0.5,0.0,0.0,0.6931471805599453,Mutual + Dummy,unconscious,unconscious,False,Image,False,9,0,8,0
1114,01,lh-fusiform,0.5,0.0,0.0,0.6931471805599453,Mutual + Dummy,unconscious,unconscious,False,Image,False,9,0,9,0
1115,01,lh-fusiform,0.5,0.0,0.0,0.6931471805599453,Mutual + Dummy,unconscious,unconscious,False,Image,False,9,0,7,0
1116,01,lh-fusiform,0.5,0.0,0.0,0.6931471805599453,Mutual + Dummy,unconscious,unconscious,False,Image,False,9,0,6,0
1117,01,lh-fusiform,0.5,0.0,0.0,0.6931471805599453,Mutual + Dummy,unconscious,unconscious,False,Image,False,9,0,11,0
1118,01,lh-fusiform,0.5,0.0,0.0,0.6931471805599453,Mutual + Dummy,unconscious,unconscious,False,Image,False,9,0,5,0
1119,01,lh-fusiform,0.5,0.0,0.0,0.6931471805599453,Mutual + Dummy,unconscious,unconscious,False,Image,False,9,0,9,0
1120,01,lh-fusiform,0.5,0.0,0.0,0.6931471805599453,Mutual + Dummy,unconscious,unconscious,False,Image,False,9,0,6,0
1121,01,lh-fusiform,0.5,0.0,0.0,0.6931471805599453,Mutual + Dummy,unconscious,unconscious,False,Image,False,9,0,6,0
1122,01,lh-fusiform,0.5,0.0,0.0,0.6931471805599453,Mutual + Dummy,unconscious,unconscious,False,Image,False,9,0,15,0
1123,01,lh-fusiform,0.5,0.0,0.0,0.6931471805599453,Mutual + Dummy,unconscious,unconscious,False,Image,False,9,0,10,0
1124,01,lh-fusiform,0.5,0.0,0.0,0.6931471805599453,Mutual + Dummy,unconscious,unconscious,False,Image,False,9,0,4,0
1125,01,lh-fusiform,0.5,0.0,0.0,0.6931471805599453,Mutual + Dummy,unconscious,unconscious,False,Image,False,9,0,5,0
1126,01,lh-fusiform,0.5,0.0,0.0,0.6931471805599453,Mutual + Dummy,unconscious,unconscious,False,Image,False,9,0,6,0
1127,01,lh-fusiform,0.5,0.0,0.0,0.6931471805599453,Mutual + Dummy,unconscious,unconscious,False,Image,False,9,0,8,0
1128,01,lh-fusiform,0.5,0.0,0.0,0.6931471805599453,Mutual + Dummy,unconscious,unconscious,False,Image,False,9,0,15,0
1129,01,lh-fusiform,0.5,0.0,0.0,0.6931471805599453,Mutual + Dummy,unconscious,unconscious,False,Image,False,9,0,6,0
1130,01,lh-fusiform,0.5,0.0,0.0,0.6931471805599453,Mutual + Dummy,unconscious,unconscious,False,Image,False,9,0,10,0
1131,01,lh-fusiform,0.5,0.0,0.0,0.6931471805599453,Mutual + Dummy,unconscious,unconscious,False,Image,False,9,0,8,0
1132,01,lh-fusiform,0.5,0.0,0.0,0.6931471805599453,Mutual + Dummy,unconscious,unconscious,False,Image,False,9,0,6,0
1133,01,lh-fusiform,0.5,0.0,0.0,0.6931471805599453,Mutual + Dummy,unconscious,unconscious,False,Image,False,9,0,2,0
1134,01,lh-fusiform,0.5,0.0,0.0,0.6931471805599453,Mutual + Dummy,unconscious,unconscious,False,Image,False,9,0,8,0
1135,01,lh-fusiform,0.5,0.0,0.0,0.6931471805599453,Mutual + Dummy,unconscious,unconscious,False,Image,False,9,0,5,0
1136,01,lh-fusiform,0.5,0.0,0.0,0.6931471805599453,Mutual + Dummy,unconscious,unconscious,False,Image,False,9,0,11,0
1137,01,lh-fusiform,0.5,0.0,0.0,0.6931471805599453,Mutual + Dummy,unconscious,unconscious,False,Image,False,9,0,8,0
1138,01,lh-fusiform,0.5,0.0,0.0,0.6931471805599453,Mutual + Dummy,unconscious,unconscious,False,Image,False,9,0,5,0
1139,01,lh-fusiform,0.5,0.0,0.0,0.6931471805599453,Mutual + Dummy,unconscious,unconscious,False,Image,False,9,0,5,0
1140,01,lh-fusiform,0.5,0.0,0.0,0.6931471805599453,Mutual + Dummy,unconscious,unconscious,False,Image,False,9,0,10,0
1141,01,lh-fusiform,0.5,0.0,0.0,0.6931471805599453,Mutual + Dummy,unconscious,unconscious,False,Image,False,9,0,6,0
1142,01,lh-fusiform,0.5,0.0,0.0,0.6931471805599453,Mutual + Dummy,unconscious,unconscious,False,Image,False,9,0,8,0
1143,01,lh-fusiform,0.5,0.0,0.0,0.6931471805599453,Mutual + Dummy,unconscious,unconscious,False,Image,False,9,0,4,0
1144,01,lh-fusiform,0.5,0.0,0.0,0.6931471805599453,Mutual + Dummy,unconscious,unconscious,False,Image,False,9,0,9,0
1145,01,lh-fusiform,0.5,0.0,0.0,0.6931471805599453,Mutual + Dummy,unconscious,unconscious,False,Image,False,9,0,8,0
1146,01,lh-fusiform,0.5,0.0,0.0,0.6931471805599453,Mutual + Dummy,unconscious,unconscious,False,Image,False,9,0,4,0
1147,01,lh-fusiform,0.5,0.0,0.0,0.6931471805599453,Mutual + Dummy,unconscious,unconscious,False,Image,False,9,0,5,0
1148,01,lh-fusiform,0.5,0.0,0.0,0.6931471805599453,Mutual + Dummy,unconscious,unconscious,False,Image,False,9,0,7,0
1149,01,lh-fusiform,0.5,0.0,0.0,0.6931471805599453,Mutual + Dummy,unconscious,unconscious,False,Image,False,9,0,7,0
1150,01,lh-fusiform,0.5,0.0,0.0,0.6931471805599453,Mutual + Dummy,unconscious,unconscious,False,Image,False,9,0,11,0
1151,01,lh-fusiform,0.5,0.0,0.0,0.6931471805599453,Mutual + Dummy,unconscious,unconscious,False,Image,False,9,0,6,0
1152,01,lh-fusiform,0.5,0.0,0.0,0.6931471805599453,Mutual + Dummy,unconscious,unconscious,False,Image,False,9,0,5,0
1153,01,lh-fusiform,0.5,0.0,0.0,0.6931471805599453,Mutual + Dummy,unconscious,unconscious,False,Image,False,12,0,2,0
1154,01,lh-fusiform,0.5,0.0,0.0,0.6931471805599453,Mutual + Dummy,unconscious,unconscious,False,Image,False,12,0,8,0
1155,01,lh-fusiform,0.5,0.0,0.0,0.6931471805599452,Mutual + Dummy,unconscious,unconscious,False,Image,False,12,0,13,0
1156,01,lh-fusiform,0.5,0.0,0.0,0.6931471805599453,Mutual + Dummy,unconscious,unconscious,False,Image,False,12,0,9,0
1157,01,lh-fusiform,0.5,0.0,0.0,0.6931471805599453,Mutual + Dummy,unconscious,unconscious,False,Image,False,12,0,2,0
1158,01,lh-fusiform,0.5,0.0,0.0,0.6931471805599453,Mutual + Dummy,unconscious,unconscious,False,Image,False,12,0,5,0
1159,01,lh-fusiform,0.5,0.0,0.0,0.6931471805599453,Mutual + Dummy,unconscious,unconscious,False,Image,False,12,0,8,0
1160,01,lh-fusiform,0.5,0.0,0.0,0.6931471805599453,Mutual + Dummy,unconscious,unconscious,False,Image,False,12,0,5,0
1161,01,lh-fusiform,0.5,0.0,0.0,0.6931471805599453,Mutual + Dummy,unconscious,unconscious,False,Image,False,12,0,8,0
1162,01,lh-fusiform,0.5,0.0,0.0,0.6931471805599453,Mutual + Dummy,unconscious,unconscious,False,Image,False,12,0,9,0
1163,01,lh-fusiform,0.5,0.0,0.0,0.6931471805599453,Mutual + Dummy,unconscious,unconscious,False,Image,False,12,0,7,0
1164,01,lh-fusiform,0.5,0.0,0.0,0.6931471805599453,Mutual + Dummy,unconscious,unconscious,False,Image,False,12,0,6,0
1165,01,lh-fusiform,0.5,0.0,0.0,0.6931471805599453,Mutual + Dummy,unconscious,unconscious,False,Image,False,12,0,11,0
1166,01,lh-fusiform,0.5,0.0,0.0,0.6931471805599453,Mutual + Dummy,unconscious,unconscious,False,Image,False,12,0,5,0
1167,01,lh-fusiform,0.5,0.0,0.0,0.6931471805599453,Mutual + Dummy,unconscious,unconscious,False,Image,False,12,0,9,0
1168,01,lh-fusiform,0.5,0.0,0.0,0.6931471805599453,Mutual + Dummy,unconscious,unconscious,False,Image,False,12,0,6,0
1169,01,lh-fusiform,0.5,0.0,0.0,0.6931471805599453,Mutual + Dummy,unconscious,unconscious,False,Image,False,12,0,6,0
1170,01,lh-fusiform,0.5,0.0,0.0,0.6931471805599451,Mutual + Dummy,unconscious,unconscious,False,Image,False,12,0,15,0
1171,01,lh-fusiform,0.5,0.0,0.0,0.6931471805599453,Mutual + Dummy,unconscious,unconscious,False,Image,False,12,0,10,0
1172,01,lh-fusiform,0.5,0.0,0.0,0.6931471805599453,Mutual + Dummy,unconscious,unconscious,False,Image,False,12,0,4,0
1173,01,lh-fusiform,0.5,0.0,0.0,0.6931471805599453,Mutual + Dummy,unconscious,unconscious,False,Image,False,12,0,5,0
1174,01,lh-fusiform,0.5,0.0,0.0,0.6931471805599453,Mutual + Dummy,unconscious,unconscious,False,Image,False,12,0,6,0
1175,01,lh-fusiform,0.5,0.0,0.0,0.6931471805599453,Mutual + Dummy,unconscious,unconscious,False,Image,False,12,0,8,0
1176,01,lh-fusiform,0.5,0.0,0.0,0.6931471805599451,Mutual + Dummy,unconscious,unconscious,False,Image,False,12,0,15,0
1177,01,lh-fusiform,0.5,0.0,0.0,0.6931471805599453,Mutual + Dummy,unconscious,unconscious,False,Image,False,12,0,6,0
1178,01,lh-fusiform,0.5,0.0,0.0,0.6931471805599453,Mutual + Dummy,unconscious,unconscious,False,Image,False,12,0,10,0
1179,01,lh-fusiform,0.5,0.0,0.0,0.6931471805599453,Mutual + Dummy,unconscious,unconscious,False,Image,False,12,0,8,0
1180,01,lh-fusiform,0.5,0.0,0.0,0.6931471805599453,Mutual + Dummy,unconscious,unconscious,False,Image,False,12,0,6,0
1181,01,lh-fusiform,0.5,0.0,0.0,0.6931471805599453,Mutual + Dummy,unconscious,unconscious,False,Image,False,12,0,2,0
1182,01,lh-fusiform,0.5,0.0,0.0,0.6931471805599453,Mutual + Dummy,unconscious,unconscious,False,Image,False,12,0,8,0
1183,01,lh-fusiform,0.5,0.0,0.0,0.6931471805599453,Mutual + Dummy,unconscious,unconscious,False,Image,False,12,0,5,0
1184,01,lh-fusiform,0.5,0.0,0.0,0.6931471805599453,Mutual + Dummy,unconscious,unconscious,False,Image,False,12,0,11,0
1185,01,lh-fusiform,0.5,0.0,0.0,0.6931471805599453,Mutual + Dummy,unconscious,unconscious,False,Image,False,12,0,8,0
1186,01,lh-fusiform,0.5,0.0,0.0,0.6931471805599453,Mutual + Dummy,unconscious,unconscious,False,Image,False,12,0,5,0
1187,01,lh-fusiform,0.5,0.0,0.0,0.6931471805599453,Mutual + Dummy,unconscious,unconscious,False,Image,False,12,0,5,0
1188,01,lh-fusiform,0.5,0.0,0.0,0.6931471805599453,Mutual + Dummy,unconscious,unconscious,False,Image,False,12,0,10,0
1189,01,lh-fusiform,0.5,0.0,0.0,0.6931471805599453,Mutual + Dummy,unconscious,unconscious,False,Image,False,12,0,6,0
1190,01,lh-fusiform,0.5,0.0,0.0,0.6931471805599453,Mutual + Dummy,unconscious,unconscious,False,Image,False,12,0,8,0
1191,01,lh-fusiform,0.5,0.0,0.0,0.6931471805599453,Mutual + Dummy,unconscious,unconscious,False,Image,False,12,0,4,0
1192,01,lh-fusiform,0.5,0.0,0.0,0.6931471805599453,Mutual + Dummy,unconscious,unconscious,False,Image,False,12,0,9,0
1193,01,lh-fusiform,0.5,0.0,0.0,0.6931471805599453,Mutual + Dummy,unconscious,unconscious,False,Image,False,12,0,8,0
1194,01,lh-fusiform,0.5,0.0,0.0,0.6931471805599453,Mutual + Dummy,unconscious,unconscious,False,Image,False,12,0,4,0
1195,01,lh-fusiform,0.5,0.0,0.0,0.6931471805599453,Mutual + Dummy,unconscious,unconscious,False,Image,False,12,0,5,0
1196,01,lh-fusiform,0.5,0.0,0.0,0.6931471805599453,Mutual + Dummy,unconscious,unconscious,False,Image,False,12,0,7,0
1197,01,lh-fusiform,0.5,0.0,0.0,0.6931471805599453,Mutual + Dummy,unconscious,unconscious,False,Image,False,12,0,7,0
1198,01,lh-fusiform,0.5,0.0,0.0,0.6931471805599453,Mutual + Dummy,unconscious,unconscious,False,Image,False,12,0,11,0
1199,01,lh-fusiform,0.5,0.0,0.0,0.6931471805599453,Mutual + Dummy,unconscious,unconscious,False,Image,False,12,0,6,0
1200,01,lh-fusiform,0.5,0.0,0.0,0.6931471805599453,Mutual + Dummy,unconscious,unconscious,False,Image,False,12,0,5,0
1201,01,lh-fusiform,0.5,0.0,0.0,0.6931471805599453,Mutual + Dummy,unconscious,unconscious,False,Image,False,15,0,2,0
1202,01,lh-fusiform,0.5,0.0,0.0,0.6931471805599453,Mutual + Dummy,unconscious,unconscious,False,Image,False,15,0,8,0
1203,01,lh-fusiform,0.5,0.0,0.0,0.6931471805599451,Mutual + Dummy,unconscious,unconscious,False,Image,False,15,0,13,0
1204,01,lh-fusiform,0.5,0.0,0.0,0.6931471805599453,Mutual + Dummy,unconscious,unconscious,False,Image,False,15,0,9,0
1205,01,lh-fusiform,0.5,0.0,0.0,0.6931471805599453,Mutual + Dummy,unconscious,unconscious,False,Image,False,15,0,2,0
1206,01,lh-fusiform,0.5,0.0,0.0,0.6931471805599453,Mutual + Dummy,unconscious,unconscious,False,Image,False,15,0,5,0
1207,01,lh-fusiform,0.5,0.0,0.0,0.6931471805599453,Mutual + Dummy,unconscious,unconscious,False,Image,False,15,0,8,0
1208,01,lh-fusiform,0.5,0.0,0.0,0.6931471805599453,Mutual + Dummy,unconscious,unconscious,False,Image,False,15,0,5,0
1209,01,lh-fusiform,0.5,0.0,0.0,0.6931471805599453,Mutual + Dummy,unconscious,unconscious,False,Image,False,15,0,8,0
1210,01,lh-fusiform,0.5,0.0,0.0,0.6931471805599453,Mutual + Dummy,unconscious,unconscious,False,Image,False,15,0,9,0
1211,01,lh-fusiform,0.5,0.0,0.0,0.6931471805599453,Mutual + Dummy,unconscious,unconscious,False,Image,False,15,0,7,0
1212,01,lh-fusiform,0.5,0.0,0.0,0.6931471805599453,Mutual + Dummy,unconscious,unconscious,False,Image,False,15,0,6,0
1213,01,lh-fusiform,0.5,0.0,0.0,0.6931471805599452,Mutual + Dummy,unconscious,unconscious,False,Image,False,15,0,11,0
1214,01,lh-fusiform,0.5,0.0,0.0,0.6931471805599453,Mutual + Dummy,unconscious,unconscious,False,Image,False,15,0,5,0
1215,01,lh-fusiform,0.5,0.0,0.0,0.6931471805599453,Mutual + Dummy,unconscious,unconscious,False,Image,False,15,0,9,0
1216,01,lh-fusiform,0.5,0.0,0.0,0.6931471805599453,Mutual + Dummy,unconscious,unconscious,False,Image,False,15,0,6,0
1217,01,lh-fusiform,0.5,0.0,0.0,0.6931471805599453,Mutual + Dummy,unconscious,unconscious,False,Image,False,15,0,6,0
1218,01,lh-fusiform,0.5,0.0,0.0,0.693147180559945,Mutual + Dummy,unconscious,unconscious,False,Image,False,15,0,15,0
1219,01,lh-fusiform,0.5,0.0,0.0,0.6931471805599452,Mutual + Dummy,unconscious,unconscious,False,Image,False,15,0,10,0
1220,01,lh-fusiform,0.5,0.0,0.0,0.6931471805599453,Mutual + Dummy,unconscious,unconscious,False,Image,False,15,0,4,0
1221,01,lh-fusiform,0.5,0.0,0.0,0.6931471805599453,Mutual + Dummy,unconscious,unconscious,False,Image,False,15,0,5,0
1222,01,lh-fusiform,0.5,0.0,0.0,0.6931471805599453,Mutual + Dummy,unconscious,unconscious,False,Image,False,15,0,6,0
1223,01,lh-fusiform,0.5,0.0,0.0,0.6931471805599453,Mutual + Dummy,unconscious,unconscious,False,Image,False,15,0,8,0
1224,01,lh-fusiform,0.5,0.0,0.0,0.693147180559945,Mutual + Dummy,unconscious,unconscious,False,Image,False,15,0,15,0
1225,01,lh-fusiform,0.5,0.0,0.0,0.6931471805599453,Mutual + Dummy,unconscious,unconscious,False,Image,False,15,0,6,0
1226,01,lh-fusiform,0.5,0.0,0.0,0.6931471805599452,Mutual + Dummy,unconscious,unconscious,False,Image,False,15,0,10,0
1227,01,lh-fusiform,0.5,0.0,0.0,0.6931471805599453,Mutual + Dummy,unconscious,unconscious,False,Image,False,15,0,8,0
1228,01,lh-fusiform,0.5,0.0,0.0,0.6931471805599453,Mutual + Dummy,unconscious,unconscious,False,Image,False,15,0,6,0
1229,01,lh-fusiform,0.5,0.0,0.0,0.6931471805599453,Mutual + Dummy,unconscious,unconscious,False,Image,False,15,0,2,0
1230,01,lh-fusiform,0.5,0.0,0.0,0.6931471805599453,Mutual + Dummy,unconscious,unconscious,False,Image,False,15,0,8,0
1231,01,lh-fusiform,0.5,0.0,0.0,0.6931471805599453,Mutual + Dummy,unconscious,unconscious,False,Image,False,15,0,5,0
1232,01,lh-fusiform,0.5,0.0,0.0,0.6931471805599452,Mutual + Dummy,unconscious,unconscious,False,Image,False,15,0,11,0
1233,01,lh-fusiform,0.5,0.0,0.0,0.6931471805599453,Mutual + Dummy,unconscious,unconscious,False,Image,False,15,0,8,0
1234,01,lh-fusiform,0.5,0.0,0.0,0.6931471805599453,Mutual + Dummy,unconscious,unconscious,False,Image,False,15,0,5,0
1235,01,lh-fusiform,0.5,0.0,0.0,0.6931471805599453,Mutual + Dummy,unconscious,unconscious,False,Image,False,15,0,5,0
1236,01,lh-fusiform,0.5,0.0,0.0,0.6931471805599452,Mutual + Dummy,unconscious,unconscious,False,Image,False,15,0,10,0
1237,01,lh-fusiform,0.5,0.0,0.0,0.6931471805599453,Mutual + Dummy,unconscious,unconscious,False,Image,False,15,0,6,0
1238,01,lh-fusiform,0.5,0.0,0.0,0.6931471805599453,Mutual + Dummy,unconscious,unconscious,False,Image,False,15,0,8,0
1239,01,lh-fusiform,0.5,0.0,0.0,0.6931471805599453,Mutual + Dummy,unconscious,unconscious,False,Image,False,15,0,4,0
1240,01,lh-fusiform,0.5,0.0,0.0,0.6931471805599453,Mutual + Dummy,unconscious,unconscious,False,Image,False,15,0,9,0
1241,01,lh-fusiform,0.5,0.0,0.0,0.6931471805599453,Mutual + Dummy,unconscious,unconscious,False,Image,False,15,0,8,0
1242,01,lh-fusiform,0.5,0.0,0.0,0.6931471805599453,Mutual + Dummy,unconscious,unconscious,False,Image,False,15,0,4,0
1243,01,lh-fusiform,0.5,0.0,0.0,0.6931471805599453,Mutual + Dummy,unconscious,unconscious,False,Image,False,15,0,5,0
1244,01,lh-fusiform,0.5,0.0,0.0,0.6931471805599453,Mutual + Dummy,unconscious,unconscious,False,Image,False,15,0,7,0
1245,01,lh-fusiform,0.5,0.0,0.0,0.6931471805599453,Mutual + Dummy,unconscious,unconscious,False,Image,False,15,0,7,0
1246,01,lh-fusiform,0.5,0.0,0.0,0.6931471805599452,Mutual + Dummy,unconscious,unconscious,False,Image,False,15,0,11,0
1247,01,lh-fusiform,0.5,0.0,0.0,0.6931471805599453,Mutual + Dummy,unconscious,unconscious,False,Image,False,15,0,6,0
1248,01,lh-fusiform,0.5,0.0,0.0,0.6931471805599453,Mutual + Dummy,unconscious,unconscious,False,Image,False,15,0,5,0
1249,01,lh-fusiform,0.5,0.0,0.0,0.6931471805599453,Mutual + Dummy,unconscious,unconscious,False,Image,False,6,0,2,0
1250,01,lh-fusiform,0.5,0.0,0.0,0.6931471805599453,Mutual + Dummy,unconscious,unconscious,False,Image,False,6,0,8,0
1251,01,lh-fusiform,0.5,0.0,0.0,0.6931471805599453,Mutual + Dummy,unconscious,unconscious,False,Image,False,6,0,13,0
1252,01,lh-fusiform,0.5,0.0,0.0,0.6931471805599453,Mutual + Dummy,unconscious,unconscious,False,Image,False,6,0,9,0
1253,01,lh-fusiform,0.5,0.0,0.0,0.6931471805599453,Mutual + Dummy,unconscious,unconscious,False,Image,False,6,0,2,0
1254,01,lh-fusiform,0.5,0.0,0.0,0.6931471805599453,Mutual + Dummy,unconscious,unconscious,False,Image,False,6,0,5,0
1255,01,lh-fusiform,0.5,0.0,0.0,0.6931471805599453,Mutual + Dummy,unconscious,unconscious,False,Image,False,6,0,8,0
1256,01,lh-fusiform,0.5,0.0,0.0,0.6931471805599453,Mutual + Dummy,unconscious,unconscious,False,Image,False,6,0,5,0
1257,01,lh-fusiform,0.5,0.0,0.0,0.6931471805599453,Mutual + Dummy,unconscious,unconscious,False,Image,False,6,0,8,0
1258,01,lh-fusiform,0.5,0.0,0.0,0.6931471805599453,Mutual + Dummy,unconscious,unconscious,False,Image,False,6,0,9,0
1259,01,lh-fusiform,0.5,0.0,0.0,0.6931471805599453,Mutual + Dummy,unconscious,unconscious,False,Image,False,6,0,7,0
1260,01,lh-fusiform,0.5,0.0,0.0,0.6931471805599453,Mutual + Dummy,unconscious,unconscious,False,Image,False,6,0,6,0
1261,01,lh-fusiform,0.5,0.0,0.0,0.6931471805599453,Mutual + Dummy,unconscious,unconscious,False,Image,False,6,0,11,0
1262,01,lh-fusiform,0.5,0.0,0.0,0.6931471805599453,Mutual + Dummy,unconscious,unconscious,False,Image,False,6,0,5,0
1263,01,lh-fusiform,0.5,0.0,0.0,0.6931471805599453,Mutual + Dummy,unconscious,unconscious,False,Image,False,6,0,9,0
1264,01,lh-fusiform,0.5,0.0,0.0,0.6931471805599453,Mutual + Dummy,unconscious,unconscious,False,Image,False,6,0,6,0
1265,01,lh-fusiform,0.5,0.0,0.0,0.6931471805599453,Mutual + Dummy,unconscious,unconscious,False,Image,False,6,0,6,0
1266,01,lh-fusiform,0.5,0.0,0.0,0.6931471805599453,Mutual + Dummy,unconscious,unconscious,False,Image,False,6,0,15,0
1267,01,lh-fusiform,0.5,0.0,0.0,0.6931471805599453,Mutual + Dummy,unconscious,unconscious,False,Image,False,6,0,10,0
1268,01,lh-fusiform,0.5,0.0,0.0,0.6931471805599453,Mutual + Dummy,unconscious,unconscious,False,Image,False,6,0,4,0
1269,01,lh-fusiform,0.5,0.0,0.0,0.6931471805599453,Mutual + Dummy,unconscious,unconscious,False,Image,False,6,0,5,0
1270,01,lh-fusiform,0.5,0.0,0.0,0.6931471805599453,Mutual + Dummy,unconscious,unconscious,False,Image,False,6,0,6,0
1271,01,lh-fusiform,0.5,0.0,0.0,0.6931471805599453,Mutual + Dummy,unconscious,unconscious,False,Image,False,6,0,8,0
1272,01,lh-fusiform,0.5,0.0,0.0,0.6931471805599453,Mutual + Dummy,unconscious,unconscious,False,Image,False,6,0,15,0
1273,01,lh-fusiform,0.5,0.0,0.0,0.6931471805599453,Mutual + Dummy,unconscious,unconscious,False,Image,False,6,0,6,0
1274,01,lh-fusiform,0.5,0.0,0.0,0.6931471805599453,Mutual + Dummy,unconscious,unconscious,False,Image,False,6,0,10,0
1275,01,lh-fusiform,0.5,0.0,0.0,0.6931471805599453,Mutual + Dummy,unconscious,unconscious,False,Image,False,6,0,8,0
1276,01,lh-fusiform,0.5,0.0,0.0,0.6931471805599453,Mutual + Dummy,unconscious,unconscious,False,Image,False,6,0,6,0
1277,01,lh-fusiform,0.5,0.0,0.0,0.6931471805599453,Mutual + Dummy,unconscious,unconscious,False,Image,False,6,0,2,0
1278,01,lh-fusiform,0.5,0.0,0.0,0.6931471805599453,Mutual + Dummy,unconscious,unconscious,False,Image,False,6,0,8,0
1279,01,lh-fusiform,0.5,0.0,0.0,0.6931471805599453,Mutual + Dummy,unconscious,unconscious,False,Image,False,6,0,5,0
1280,01,lh-fusiform,0.5,0.0,0.0,0.6931471805599453,Mutual + Dummy,unconscious,unconscious,False,Image,False,6,0,11,0
1281,01,lh-fusiform,0.5,0.0,0.0,0.6931471805599453,Mutual + Dummy,unconscious,unconscious,False,Image,False,6,0,8,0
1282,01,lh-fusiform,0.5,0.0,0.0,0.6931471805599453,Mutual + Dummy,unconscious,unconscious,False,Image,False,6,0,5,0
1283,01,lh-fusiform,0.5,0.0,0.0,0.6931471805599453,Mutual + Dummy,unconscious,unconscious,False,Image,False,6,0,5,0
1284,01,lh-fusiform,0.5,0.0,0.0,0.6931471805599453,Mutual + Dummy,unconscious,unconscious,False,Image,False,6,0,10,0
1285,01,lh-fusiform,0.5,0.0,0.0,0.6931471805599453,Mutual + Dummy,unconscious,unconscious,False,Image,False,6,0,6,0
1286,01,lh-fusiform,0.5,0.0,0.0,0.6931471805599453,Mutual + Dummy,unconscious,unconscious,False,Image,False,6,0,8,0
1287,01,lh-fusiform,0.5,0.0,0.0,0.6931471805599453,Mutual + Dummy,unconscious,unconscious,False,Image,False,6,0,4,0
1288,01,lh-fusiform,0.5,0.0,0.0,0.6931471805599453,Mutual + Dummy,unconscious,unconscious,False,Image,False,6,0,9,0
1289,01,lh-fusiform,0.5,0.0,0.0,0.6931471805599453,Mutual + Dummy,unconscious,unconscious,False,Image,False,6,0,8,0
1290,01,lh-fusiform,0.5,0.0,0.0,0.6931471805599453,Mutual + Dummy,unconscious,unconscious,False,Image,False,6,0,4,0
1291,01,lh-fusiform,0.5,0.0,0.0,0.6931471805599453,Mutual + Dummy,unconscious,unconscious,False,Image,False,6,0,5,0
1292,01,lh-fusiform,0.5,0.0,0.0,0.6931471805599453,Mutual + Dummy,unconscious,unconscious,False,Image,False,6,0,7,0
1293,01,lh-fusiform,0.5,0.0,0.0,0.6931471805599453,Mutual + Dummy,unconscious,unconscious,False,Image,False,6,0,7,0
1294,01,lh-fusiform,0.5,0.0,0.0,0.6931471805599453,Mutual + Dummy,unconscious,unconscious,False,Image,False,6,0,11,0
1295,01,lh-fusiform,0.5,0.0,0.0,0.6931471805599453,Mutual + Dummy,unconscious,unconscious,False,Image,False,6,0,6,0
1296,01,lh-fusiform,0.5,0.0,0.0,0.6931471805599453,Mutual + Dummy,unconscious,unconscious,False,Image,False,6,0,5,0
1297,01,lh-fusiform,0.5,0.0,0.0,0.6931471805599453,Mutual + Dummy,unconscious,unconscious,False,Image,False,5,0,2,0
1298,01,lh-fusiform,0.5,0.0,0.0,0.6931471805599453,Mutual + Dummy,unconscious,unconscious,False,Image,False,5,0,8,0
1299,01,lh-fusiform,0.5,0.0,0.0,0.6931471805599453,Mutual + Dummy,unconscious,unconscious,False,Image,False,5,0,13,0
1300,01,lh-fusiform,0.5,0.0,0.0,0.6931471805599453,Mutual + Dummy,unconscious,unconscious,False,Image,False,5,0,9,0
1301,01,lh-fusiform,0.5,0.0,0.0,0.6931471805599453,Mutual + Dummy,unconscious,unconscious,False,Image,False,5,0,2,0
1302,01,lh-fusiform,0.5,0.0,0.0,0.6931471805599453,Mutual + Dummy,unconscious,unconscious,False,Image,False,5,0,5,0
1303,01,lh-fusiform,0.5,0.0,0.0,0.6931471805599453,Mutual + Dummy,unconscious,unconscious,False,Image,False,5,0,8,0
1304,01,lh-fusiform,0.5,0.0,0.0,0.6931471805599453,Mutual + Dummy,unconscious,unconscious,False,Image,False,5,0,5,0
1305,01,lh-fusiform,0.5,0.0,0.0,0.6931471805599453,Mutual + Dummy,unconscious,unconscious,False,Image,False,5,0,8,0
1306,01,lh-fusiform,0.5,0.0,0.0,0.6931471805599453,Mutual + Dummy,unconscious,unconscious,False,Image,False,5,0,9,0
1307,01,lh-fusiform,0.5,0.0,0.0,0.6931471805599453,Mutual + Dummy,unconscious,unconscious,False,Image,False,5,0,7,0
1308,01,lh-fusiform,0.5,0.0,0.0,0.6931471805599453,Mutual + Dummy,unconscious,unconscious,False,Image,False,5,0,6,0
1309,01,lh-fusiform,0.5,0.0,0.0,0.6931471805599453,Mutual + Dummy,unconscious,unconscious,False,Image,False,5,0,11,0
1310,01,lh-fusiform,0.5,0.0,0.0,0.6931471805599453,Mutual + Dummy,unconscious,unconscious,False,Image,False,5,0,5,0
1311,01,lh-fusiform,0.5,0.0,0.0,0.6931471805599453,Mutual + Dummy,unconscious,unconscious,False,Image,False,5,0,9,0
1312,01,lh-fusiform,0.5,0.0,0.0,0.6931471805599453,Mutual + Dummy,unconscious,unconscious,False,Image,False,5,0,6,0
1313,01,lh-fusiform,0.5,0.0,0.0,0.6931471805599453,Mutual + Dummy,unconscious,unconscious,False,Image,False,5,0,6,0
1314,01,lh-fusiform,0.5,0.0,0.0,0.6931471805599453,Mutual + Dummy,unconscious,unconscious,False,Image,False,5,0,15,0
1315,01,lh-fusiform,0.5,0.0,0.0,0.6931471805599453,Mutual + Dummy,unconscious,unconscious,False,Image,False,5,0,10,0
1316,01,lh-fusiform,0.5,0.0,0.0,0.6931471805599453,Mutual + Dummy,unconscious,unconscious,False,Image,False,5,0,4,0
1317,01,lh-fusiform,0.5,0.0,0.0,0.6931471805599453,Mutual + Dummy,unconscious,unconscious,False,Image,False,5,0,5,0
1318,01,lh-fusiform,0.5,0.0,0.0,0.6931471805599453,Mutual + Dummy,unconscious,unconscious,False,Image,False,5,0,6,0
1319,01,lh-fusiform,0.5,0.0,0.0,0.6931471805599453,Mutual + Dummy,unconscious,unconscious,False,Image,False,5,0,8,0
1320,01,lh-fusiform,0.5,0.0,0.0,0.6931471805599453,Mutual + Dummy,unconscious,unconscious,False,Image,False,5,0,15,0
1321,01,lh-fusiform,0.5,0.0,0.0,0.6931471805599453,Mutual + Dummy,unconscious,unconscious,False,Image,False,5,0,6,0
1322,01,lh-fusiform,0.5,0.0,0.0,0.6931471805599453,Mutual + Dummy,unconscious,unconscious,False,Image,False,5,0,10,0
1323,01,lh-fusiform,0.5,0.0,0.0,0.6931471805599453,Mutual + Dummy,unconscious,unconscious,False,Image,False,5,0,8,0
1324,01,lh-fusiform,0.5,0.0,0.0,0.6931471805599453,Mutual + Dummy,unconscious,unconscious,False,Image,False,5,0,6,0
1325,01,lh-fusiform,0.5,0.0,0.0,0.6931471805599453,Mutual + Dummy,unconscious,unconscious,False,Image,False,5,0,2,0
1326,01,lh-fusiform,0.5,0.0,0.0,0.6931471805599453,Mutual + Dummy,unconscious,unconscious,False,Image,False,5,0,8,0
1327,01,lh-fusiform,0.5,0.0,0.0,0.6931471805599453,Mutual + Dummy,unconscious,unconscious,False,Image,False,5,0,5,0
1328,01,lh-fusiform,0.5,0.0,0.0,0.6931471805599453,Mutual + Dummy,unconscious,unconscious,False,Image,False,5,0,11,0
1329,01,lh-fusiform,0.5,0.0,0.0,0.6931471805599453,Mutual + Dummy,unconscious,unconscious,False,Image,False,5,0,8,0
1330,01,lh-fusiform,0.5,0.0,0.0,0.6931471805599453,Mutual + Dummy,unconscious,unconscious,False,Image,False,5,0,5,0
1331,01,lh-fusiform,0.5,0.0,0.0,0.6931471805599453,Mutual + Dummy,unconscious,unconscious,False,Image,False,5,0,5,0
1332,01,lh-fusiform,0.5,0.0,0.0,0.6931471805599453,Mutual + Dummy,unconscious,unconscious,False,Image,False,5,0,10,0
1333,01,lh-fusiform,0.5,0.0,0.0,0.6931471805599453,Mutual + Dummy,unconscious,unconscious,False,Image,False,5,0,6,0
1334,01,lh-fusiform,0.5,0.0,0.0,0.6931471805599453,Mutual + Dummy,unconscious,unconscious,False,Image,False,5,0,8,0
1335,01,lh-fusiform,0.5,0.0,0.0,0.6931471805599453,Mutual + Dummy,unconscious,unconscious,False,Image,False,5,0,4,0
1336,01,lh-fusiform,0.5,0.0,0.0,0.6931471805599453,Mutual + Dummy,unconscious,unconscious,False,Image,False,5,0,9,0
1337,01,lh-fusiform,0.5,0.0,0.0,0.6931471805599453,Mutual + Dummy,unconscious,unconscious,False,Image,False,5,0,8,0
1338,01,lh-fusiform,0.5,0.0,0.0,0.6931471805599453,Mutual + Dummy,unconscious,unconscious,False,Image,False,5,0,4,0
1339,01,lh-fusiform,0.5,0.0,0.0,0.6931471805599453,Mutual + Dummy,unconscious,unconscious,False,Image,False,5,0,5,0
1340,01,lh-fusiform,0.5,0.0,0.0,0.6931471805599453,Mutual + Dummy,unconscious,unconscious,False,Image,False,5,0,7,0
1341,01,lh-fusiform,0.5,0.0,0.0,0.6931471805599453,Mutual + Dummy,unconscious,unconscious,False,Image,False,5,0,7,0
1342,01,lh-fusiform,0.5,0.0,0.0,0.6931471805599453,Mutual + Dummy,unconscious,unconscious,False,Image,False,5,0,11,0
1343,01,lh-fusiform,0.5,0.0,0.0,0.6931471805599453,Mutual + Dummy,unconscious,unconscious,False,Image,False,5,0,6,0
1344,01,lh-fusiform,0.5,0.0,0.0,0.6931471805599453,Mutual + Dummy,unconscious,unconscious,False,Image,False,5,0,5,0
1345,01,lh-fusiform,0.5,0.0,0.0,0.6931471805599453,Mutual + Dummy,unconscious,unconscious,False,Image,False,8,0,2,0
1346,01,lh-fusiform,0.5,0.0,0.0,0.6931471805599453,Mutual + Dummy,unconscious,unconscious,False,Image,False,8,0,8,0
1347,01,lh-fusiform,0.5,0.0,0.0,0.6931471805599453,Mutual + Dummy,unconscious,unconscious,False,Image,False,8,0,13,0
1348,01,lh-fusiform,0.5,0.0,0.0,0.6931471805599453,Mutual + Dummy,unconscious,unconscious,False,Image,False,8,0,9,0
1349,01,lh-fusiform,0.5,0.0,0.0,0.6931471805599453,Mutual + Dummy,unconscious,unconscious,False,Image,False,8,0,2,0
1350,01,lh-fusiform,0.5,0.0,0.0,0.6931471805599453,Mutual + Dummy,unconscious,unconscious,False,Image,False,8,0,5,0
1351,01,lh-fusiform,0.5,0.0,0.0,0.6931471805599453,Mutual + Dummy,unconscious,unconscious,False,Image,False,8,0,8,0
1352,01,lh-fusiform,0.5,0.0,0.0,0.6931471805599453,Mutual + Dummy,unconscious,unconscious,False,Image,False,8,0,5,0
1353,01,lh-fusiform,0.5,0.0,0.0,0.6931471805599453,Mutual + Dummy,unconscious,unconscious,False,Image,False,8,0,8,0
1354,01,lh-fusiform,0.5,0.0,0.0,0.6931471805599453,Mutual + Dummy,unconscious,unconscious,False,Image,False,8,0,9,0
1355,01,lh-fusiform,0.5,0.0,0.0,0.6931471805599453,Mutual + Dummy,unconscious,unconscious,False,Image,False,8,0,7,0
1356,01,lh-fusiform,0.5,0.0,0.0,0.6931471805599453,Mutual + Dummy,unconscious,unconscious,False,Image,False,8,0,6,0
1357,01,lh-fusiform,0.5,0.0,0.0,0.6931471805599453,Mutual + Dummy,unconscious,unconscious,False,Image,False,8,0,11,0
1358,01,lh-fusiform,0.5,0.0,0.0,0.6931471805599453,Mutual + Dummy,unconscious,unconscious,False,Image,False,8,0,5,0
1359,01,lh-fusiform,0.5,0.0,0.0,0.6931471805599453,Mutual + Dummy,unconscious,unconscious,False,Image,False,8,0,9,0
1360,01,lh-fusiform,0.5,0.0,0.0,0.6931471805599453,Mutual + Dummy,unconscious,unconscious,False,Image,False,8,0,6,0
1361,01,lh-fusiform,0.5,0.0,0.0,0.6931471805599453,Mutual + Dummy,unconscious,unconscious,False,Image,False,8,0,6,0
1362,01,lh-fusiform,0.5,0.0,0.0,0.6931471805599453,Mutual + Dummy,unconscious,unconscious,False,Image,False,8,0,15,0
1363,01,lh-fusiform,0.5,0.0,0.0,0.6931471805599453,Mutual + Dummy,unconscious,unconscious,False,Image,False,8,0,10,0
1364,01,lh-fusiform,0.5,0.0,0.0,0.6931471805599453,Mutual + Dummy,unconscious,unconscious,False,Image,False,8,0,4,0
1365,01,lh-fusiform,0.5,0.0,0.0,0.6931471805599453,Mutual + Dummy,unconscious,unconscious,False,Image,False,8,0,5,0
1366,01,lh-fusiform,0.5,0.0,0.0,0.6931471805599453,Mutual + Dummy,unconscious,unconscious,False,Image,False,8,0,6,0
1367,01,lh-fusiform,0.5,0.0,0.0,0.6931471805599453,Mutual + Dummy,unconscious,unconscious,False,Image,False,8,0,8,0
1368,01,lh-fusiform,0.5,0.0,0.0,0.6931471805599453,Mutual + Dummy,unconscious,unconscious,False,Image,False,8,0,15,0
1369,01,lh-fusiform,0.5,0.0,0.0,0.6931471805599453,Mutual + Dummy,unconscious,unconscious,False,Image,False,8,0,6,0
1370,01,lh-fusiform,0.5,0.0,0.0,0.6931471805599453,Mutual + Dummy,unconscious,unconscious,False,Image,False,8,0,10,0
1371,01,lh-fusiform,0.5,0.0,0.0,0.6931471805599453,Mutual + Dummy,unconscious,unconscious,False,Image,False,8,0,8,0
1372,01,lh-fusiform,0.5,0.0,0.0,0.6931471805599453,Mutual + Dummy,unconscious,unconscious,False,Image,False,8,0,6,0
1373,01,lh-fusiform,0.5,0.0,0.0,0.6931471805599453,Mutual + Dummy,unconscious,unconscious,False,Image,False,8,0,2,0
1374,01,lh-fusiform,0.5,0.0,0.0,0.6931471805599453,Mutual + Dummy,unconscious,unconscious,False,Image,False,8,0,8,0
1375,01,lh-fusiform,0.5,0.0,0.0,0.6931471805599453,Mutual + Dummy,unconscious,unconscious,False,Image,False,8,0,5,0
1376,01,lh-fusiform,0.5,0.0,0.0,0.6931471805599453,Mutual + Dummy,unconscious,unconscious,False,Image,False,8,0,11,0
1377,01,lh-fusiform,0.5,0.0,0.0,0.6931471805599453,Mutual + Dummy,unconscious,unconscious,False,Image,False,8,0,8,0
1378,01,lh-fusiform,0.5,0.0,0.0,0.6931471805599453,Mutual + Dummy,unconscious,unconscious,False,Image,False,8,0,5,0
1379,01,lh-fusiform,0.5,0.0,0.0,0.6931471805599453,Mutual + Dummy,unconscious,unconscious,False,Image,False,8,0,5,0
1380,01,lh-fusiform,0.5,0.0,0.0,0.6931471805599453,Mutual + Dummy,unconscious,unconscious,False,Image,False,8,0,10,0
1381,01,lh-fusiform,0.5,0.0,0.0,0.6931471805599453,Mutual + Dummy,unconscious,unconscious,False,Image,False,8,0,6,0
1382,01,lh-fusiform,0.5,0.0,0.0,0.6931471805599453,Mutual + Dummy,unconscious,unconscious,False,Image,False,8,0,8,0
1383,01,lh-fusiform,0.5,0.0,0.0,0.6931471805599453,Mutual + Dummy,unconscious,unconscious,False,Image,False,8,0,4,0
1384,01,lh-fusiform,0.5,0.0,0.0,0.6931471805599453,Mutual + Dummy,unconscious,unconscious,False,Image,False,8,0,9,0
1385,01,lh-fusiform,0.5,0.0,0.0,0.6931471805599453,Mutual + Dummy,unconscious,unconscious,False,Image,False,8,0,8,0
1386,01,lh-fusiform,0.5,0.0,0.0,0.6931471805599453,Mutual + Dummy,unconscious,unconscious,False,Image,False,8,0,4,0
1387,01,lh-fusiform,0.5,0.0,0.0,0.6931471805599453,Mutual + Dummy,unconscious,unconscious,False,Image,False,8,0,5,0
1388,01,lh-fusiform,0.5,0.0,0.0,0.6931471805599453,Mutual + Dummy,unconscious,unconscious,False,Image,False,8,0,7,0
1389,01,lh-fusiform,0.5,0.0,0.0,0.6931471805599453,Mutual + Dummy,unconscious,unconscious,False,Image,False,8,0,7,0
1390,01,lh-fusiform,0.5,0.0,0.0,0.6931471805599453,Mutual + Dummy,unconscious,unconscious,False,Image,False,8,0,11,0
1391,01,lh-fusiform,0.5,0.0,0.0,0.6931471805599453,Mutual + Dummy,unconscious,unconscious,False,Image,False,8,0,6,0
1392,01,lh-fusiform,0.5,0.0,0.0,0.6931471805599453,Mutual + Dummy,unconscious,unconscious,False,Image,False,8,0,5,0
1393,01,lh-fusiform,0.5,0.0,0.0,0.6931471805599453,Mutual + Dummy,unconscious,unconscious,False,Image,False,10,0,2,0
1394,01,lh-fusiform,0.5,0.0,0.0,0.6931471805599453,Mutual + Dummy,unconscious,unconscious,False,Image,False,10,0,8,0
1395,01,lh-fusiform,0.5,0.0,0.0,0.6931471805599453,Mutual + Dummy,unconscious,unconscious,False,Image,False,10,0,13,0
1396,01,lh-fusiform,0.5,0.0,0.0,0.6931471805599453,Mutual + Dummy,unconscious,unconscious,False,Image,False,10,0,9,0
1397,01,lh-fusiform,0.5,0.0,0.0,0.6931471805599453,Mutual + Dummy,unconscious,unconscious,False,Image,False,10,0,2,0
1398,01,lh-fusiform,0.5,0.0,0.0,0.6931471805599453,Mutual + Dummy,unconscious,unconscious,False,Image,False,10,0,5,0
1399,01,lh-fusiform,0.5,0.0,0.0,0.6931471805599453,Mutual + Dummy,unconscious,unconscious,False,Image,False,10,0,8,0
1400,01,lh-fusiform,0.5,0.0,0.0,0.6931471805599453,Mutual + Dummy,unconscious,unconscious,False,Image,False,10,0,5,0
1401,01,lh-fusiform,0.5,0.0,0.0,0.6931471805599453,Mutual + Dummy,unconscious,unconscious,False,Image,False,10,0,8,0
1402,01,lh-fusiform,0.5,0.0,0.0,0.6931471805599453,Mutual + Dummy,unconscious,unconscious,False,Image,False,10,0,9,0
1403,01,lh-fusiform,0.5,0.0,0.0,0.6931471805599453,Mutual + Dummy,unconscious,unconscious,False,Image,False,10,0,7,0
1404,01,lh-fusiform,0.5,0.0,0.0,0.6931471805599453,Mutual + Dummy,unconscious,unconscious,False,Image,False,10,0,6,0
1405,01,lh-fusiform,0.5,0.0,0.0,0.6931471805599453,Mutual + Dummy,unconscious,unconscious,False,Image,False,10,0,11,0
1406,01,lh-fusiform,0.5,0.0,0.0,0.6931471805599453,Mutual + Dummy,unconscious,unconscious,False,Image,False,10,0,5,0
1407,01,lh-fusiform,0.5,0.0,0.0,0.6931471805599453,Mutual + Dummy,unconscious,unconscious,False,Image,False,10,0,9,0
1408,01,lh-fusiform,0.5,0.0,0.0,0.6931471805599453,Mutual + Dummy,unconscious,unconscious,False,Image,False,10,0,6,0
1409,01,lh-fusiform,0.5,0.0,0.0,0.6931471805599453,Mutual + Dummy,unconscious,unconscious,False,Image,False,10,0,6,0
1410,01,lh-fusiform,0.5,0.0,0.0,0.6931471805599452,Mutual + Dummy,unconscious,unconscious,False,Image,False,10,0,15,0
1411,01,lh-fusiform,0.5,0.0,0.0,0.6931471805599453,Mutual + Dummy,unconscious,unconscious,False,Image,False,10,0,10,0
1412,01,lh-fusiform,0.5,0.0,0.0,0.6931471805599453,Mutual + Dummy,unconscious,unconscious,False,Image,False,10,0,4,0
1413,01,lh-fusiform,0.5,0.0,0.0,0.6931471805599453,Mutual + Dummy,unconscious,unconscious,False,Image,False,10,0,5,0
1414,01,lh-fusiform,0.5,0.0,0.0,0.6931471805599453,Mutual + Dummy,unconscious,unconscious,False,Image,False,10,0,6,0
1415,01,lh-fusiform,0.5,0.0,0.0,0.6931471805599453,Mutual + Dummy,unconscious,unconscious,False,Image,False,10,0,8,0
1416,01,lh-fusiform,0.5,0.0,0.0,0.6931471805599452,Mutual + Dummy,unconscious,unconscious,False,Image,False,10,0,15,0
1417,01,lh-fusiform,0.5,0.0,0.0,0.6931471805599453,Mutual + Dummy,unconscious,unconscious,False,Image,False,10,0,6,0
1418,01,lh-fusiform,0.5,0.0,0.0,0.6931471805599453,Mutual + Dummy,unconscious,unconscious,False,Image,False,10,0,10,0
1419,01,lh-fusiform,0.5,0.0,0.0,0.6931471805599453,Mutual + Dummy,unconscious,unconscious,False,Image,False,10,0,8,0
1420,01,lh-fusiform,0.5,0.0,0.0,0.6931471805599453,Mutual + Dummy,unconscious,unconscious,False,Image,False,10,0,6,0
1421,01,lh-fusiform,0.5,0.0,0.0,0.6931471805599453,Mutual + Dummy,unconscious,unconscious,False,Image,False,10,0,2,0
1422,01,lh-fusiform,0.5,0.0,0.0,0.6931471805599453,Mutual + Dummy,unconscious,unconscious,False,Image,False,10,0,8,0
1423,01,lh-fusiform,0.5,0.0,0.0,0.6931471805599453,Mutual + Dummy,unconscious,unconscious,False,Image,False,10,0,5,0
1424,01,lh-fusiform,0.5,0.0,0.0,0.6931471805599453,Mutual + Dummy,unconscious,unconscious,False,Image,False,10,0,11,0
1425,01,lh-fusiform,0.5,0.0,0.0,0.6931471805599453,Mutual + Dummy,unconscious,unconscious,False,Image,False,10,0,8,0
1426,01,lh-fusiform,0.5,0.0,0.0,0.6931471805599453,Mutual + Dummy,unconscious,unconscious,False,Image,False,10,0,5,0
1427,01,lh-fusiform,0.5,0.0,0.0,0.6931471805599453,Mutual + Dummy,unconscious,unconscious,False,Image,False,10,0,5,0
1428,01,lh-fusiform,0.5,0.0,0.0,0.6931471805599453,Mutual + Dummy,unconscious,unconscious,False,Image,False,10,0,10,0
1429,01,lh-fusiform,0.5,0.0,0.0,0.6931471805599453,Mutual + Dummy,unconscious,unconscious,False,Image,False,10,0,6,0
1430,01,lh-fusiform,0.5,0.0,0.0,0.6931471805599453,Mutual + Dummy,unconscious,unconscious,False,Image,False,10,0,8,0
1431,01,lh-fusiform,0.5,0.0,0.0,0.6931471805599453,Mutual + Dummy,unconscious,unconscious,False,Image,False,10,0,4,0
1432,01,lh-fusiform,0.5,0.0,0.0,0.6931471805599453,Mutual + Dummy,unconscious,unconscious,False,Image,False,10,0,9,0
1433,01,lh-fusiform,0.5,0.0,0.0,0.6931471805599453,Mutual + Dummy,unconscious,unconscious,False,Image,False,10,0,8,0
1434,01,lh-fusiform,0.5,0.0,0.0,0.6931471805599453,Mutual + Dummy,unconscious,unconscious,False,Image,False,10,0,4,0
1435,01,lh-fusiform,0.5,0.0,0.0,0.6931471805599453,Mutual + Dummy,unconscious,unconscious,False,Image,False,10,0,5,0
1436,01,lh-fusiform,0.5,0.0,0.0,0.6931471805599453,Mutual + Dummy,unconscious,unconscious,False,Image,False,10,0,7,0
1437,01,lh-fusiform,0.5,0.0,0.0,0.6931471805599453,Mutual + Dummy,unconscious,unconscious,False,Image,False,10,0,7,0
1438,01,lh-fusiform,0.5,0.0,0.0,0.6931471805599453,Mutual + Dummy,unconscious,unconscious,False,Image,False,10,0,11,0
1439,01,lh-fusiform,0.5,0.0,0.0,0.6931471805599453,Mutual + Dummy,unconscious,unconscious,False,Image,False,10,0,6,0
1440,01,lh-fusiform,0.5,0.0,0.0,0.6931471805599453,Mutual + Dummy,unconscious,unconscious,False,Image,False,10,0,5,0
1441,01,lh-fusiform,0.5,0.0,0.0,0.6931471805599453,Mutual + Dummy,unconscious,unconscious,False,Image,False,13,0,2,0
1442,01,lh-fusiform,0.5,0.0,0.0,0.6931471805599453,Mutual + Dummy,unconscious,unconscious,False,Image,False,13,0,8,0
1443,01,lh-fusiform,0.5,0.0,0.0,0.6931471805599452,Mutual + Dummy,unconscious,unconscious,False,Image,False,13,0,13,0
1444,01,lh-fusiform,0.5,0.0,0.0,0.6931471805599453,Mutual + Dummy,unconscious,unconscious,False,Image,False,13,0,9,0
1445,01,lh-fusiform,0.5,0.0,0.0,0.6931471805599453,Mutual + Dummy,unconscious,unconscious,False,Image,False,13,0,2,0
1446,01,lh-fusiform,0.5,0.0,0.0,0.6931471805599453,Mutual + Dummy,unconscious,unconscious,False,Image,False,13,0,5,0
1447,01,lh-fusiform,0.5,0.0,0.0,0.6931471805599453,Mutual + Dummy,unconscious,unconscious,False,Image,False,13,0,8,0
1448,01,lh-fusiform,0.5,0.0,0.0,0.6931471805599453,Mutual + Dummy,unconscious,unconscious,False,Image,False,13,0,5,0
1449,01,lh-fusiform,0.5,0.0,0.0,0.6931471805599453,Mutual + Dummy,unconscious,unconscious,False,Image,False,13,0,8,0
1450,01,lh-fusiform,0.5,0.0,0.0,0.6931471805599453,Mutual + Dummy,unconscious,unconscious,False,Image,False,13,0,9,0
1451,01,lh-fusiform,0.5,0.0,0.0,0.6931471805599453,Mutual + Dummy,unconscious,unconscious,False,Image,False,13,0,7,0
1452,01,lh-fusiform,0.5,0.0,0.0,0.6931471805599453,Mutual + Dummy,unconscious,unconscious,False,Image,False,13,0,6,0
1453,01,lh-fusiform,0.5,0.0,0.0,0.6931471805599453,Mutual + Dummy,unconscious,unconscious,False,Image,False,13,0,11,0
1454,01,lh-fusiform,0.5,0.0,0.0,0.6931471805599453,Mutual + Dummy,unconscious,unconscious,False,Image,False,13,0,5,0
1455,01,lh-fusiform,0.5,0.0,0.0,0.6931471805599453,Mutual + Dummy,unconscious,unconscious,False,Image,False,13,0,9,0
1456,01,lh-fusiform,0.5,0.0,0.0,0.6931471805599453,Mutual + Dummy,unconscious,unconscious,False,Image,False,13,0,6,0
1457,01,lh-fusiform,0.5,0.0,0.0,0.6931471805599453,Mutual + Dummy,unconscious,unconscious,False,Image,False,13,0,6,0
1458,01,lh-fusiform,0.5,0.0,0.0,0.6931471805599451,Mutual + Dummy,unconscious,unconscious,False,Image,False,13,0,15,0
1459,01,lh-fusiform,0.5,0.0,0.0,0.6931471805599453,Mutual + Dummy,unconscious,unconscious,False,Image,False,13,0,10,0
1460,01,lh-fusiform,0.5,0.0,0.0,0.6931471805599453,Mutual + Dummy,unconscious,unconscious,False,Image,False,13,0,4,0
1461,01,lh-fusiform,0.5,0.0,0.0,0.6931471805599453,Mutual + Dummy,unconscious,unconscious,False,Image,False,13,0,5,0
1462,01,lh-fusiform,0.5,0.0,0.0,0.6931471805599453,Mutual + Dummy,unconscious,unconscious,False,Image,False,13,0,6,0
1463,01,lh-fusiform,0.5,0.0,0.0,0.6931471805599453,Mutual + Dummy,unconscious,unconscious,False,Image,False,13,0,8,0
1464,01,lh-fusiform,0.5,0.0,0.0,0.6931471805599451,Mutual + Dummy,unconscious,unconscious,False,Image,False,13,0,15,0
1465,01,lh-fusiform,0.5,0.0,0.0,0.6931471805599453,Mutual + Dummy,unconscious,unconscious,False,Image,False,13,0,6,0
1466,01,lh-fusiform,0.5,0.0,0.0,0.6931471805599453,Mutual + Dummy,unconscious,unconscious,False,Image,False,13,0,10,0
1467,01,lh-fusiform,0.5,0.0,0.0,0.6931471805599453,Mutual + Dummy,unconscious,unconscious,False,Image,False,13,0,8,0
1468,01,lh-fusiform,0.5,0.0,0.0,0.6931471805599453,Mutual + Dummy,unconscious,unconscious,False,Image,False,13,0,6,0
1469,01,lh-fusiform,0.5,0.0,0.0,0.6931471805599453,Mutual + Dummy,unconscious,unconscious,False,Image,False,13,0,2,0
1470,01,lh-fusiform,0.5,0.0,0.0,0.6931471805599453,Mutual + Dummy,unconscious,unconscious,False,Image,False,13,0,8,0
1471,01,lh-fusiform,0.5,0.0,0.0,0.6931471805599453,Mutual + Dummy,unconscious,unconscious,False,Image,False,13,0,5,0
1472,01,lh-fusiform,0.5,0.0,0.0,0.6931471805599453,Mutual + Dummy,unconscious,unconscious,False,Image,False,13,0,11,0
1473,01,lh-fusiform,0.5,0.0,0.0,0.6931471805599453,Mutual + Dummy,unconscious,unconscious,False,Image,False,13,0,8,0
1474,01,lh-fusiform,0.5,0.0,0.0,0.6931471805599453,Mutual + Dummy,unconscious,unconscious,False,Image,False,13,0,5,0
1475,01,lh-fusiform,0.5,0.0,0.0,0.6931471805599453,Mutual + Dummy,unconscious,unconscious,False,Image,False,13,0,5,0
1476,01,lh-fusiform,0.5,0.0,0.0,0.6931471805599453,Mutual + Dummy,unconscious,unconscious,False,Image,False,13,0,10,0
1477,01,lh-fusiform,0.5,0.0,0.0,0.6931471805599453,Mutual + Dummy,unconscious,unconscious,False,Image,False,13,0,6,0
1478,01,lh-fusiform,0.5,0.0,0.0,0.6931471805599453,Mutual + Dummy,unconscious,unconscious,False,Image,False,13,0,8,0
1479,01,lh-fusiform,0.5,0.0,0.0,0.6931471805599453,Mutual + Dummy,unconscious,unconscious,False,Image,False,13,0,4,0
1480,01,lh-fusiform,0.5,0.0,0.0,0.6931471805599453,Mutual + Dummy,unconscious,unconscious,False,Image,False,13,0,9,0
1481,01,lh-fusiform,0.5,0.0,0.0,0.6931471805599453,Mutual + Dummy,unconscious,unconscious,False,Image,False,13,0,8,0
1482,01,lh-fusiform,0.5,0.0,0.0,0.6931471805599453,Mutual + Dummy,unconscious,unconscious,False,Image,False,13,0,4,0
1483,01,lh-fusiform,0.5,0.0,0.0,0.6931471805599453,Mutual + Dummy,unconscious,unconscious,False,Image,False,13,0,5,0
1484,01,lh-fusiform,0.5,0.0,0.0,0.6931471805599453,Mutual + Dummy,unconscious,unconscious,False,Image,False,13,0,7,0
1485,01,lh-fusiform,0.5,0.0,0.0,0.6931471805599453,Mutual + Dummy,unconscious,unconscious,False,Image,False,13,0,7,0
1486,01,lh-fusiform,0.5,0.0,0.0,0.6931471805599453,Mutual + Dummy,unconscious,unconscious,False,Image,False,13,0,11,0
1487,01,lh-fusiform,0.5,0.0,0.0,0.6931471805599453,Mutual + Dummy,unconscious,unconscious,False,Image,False,13,0,6,0
1488,01,lh-fusiform,0.5,0.0,0.0,0.6931471805599453,Mutual + Dummy,unconscious,unconscious,False,Image,False,13,0,5,0
1489,01,lh-fusiform,0.5,0.0,0.0,0.6931471805599453,Mutual + Dummy,unconscious,unconscious,False,Image,False,7,0,2,0
1490,01,lh-fusiform,0.5,0.0,0.0,0.6931471805599453,Mutual + Dummy,unconscious,unconscious,False,Image,False,7,0,8,0
1491,01,lh-fusiform,0.5,0.0,0.0,0.6931471805599453,Mutual + Dummy,unconscious,unconscious,False,Image,False,7,0,13,0
1492,01,lh-fusiform,0.5,0.0,0.0,0.6931471805599453,Mutual + Dummy,unconscious,unconscious,False,Image,False,7,0,9,0
1493,01,lh-fusiform,0.5,0.0,0.0,0.6931471805599453,Mutual + Dummy,unconscious,unconscious,False,Image,False,7,0,2,0
1494,01,lh-fusiform,0.5,0.0,0.0,0.6931471805599453,Mutual + Dummy,unconscious,unconscious,False,Image,False,7,0,5,0
1495,01,lh-fusiform,0.5,0.0,0.0,0.6931471805599453,Mutual + Dummy,unconscious,unconscious,False,Image,False,7,0,8,0
1496,01,lh-fusiform,0.5,0.0,0.0,0.6931471805599453,Mutual + Dummy,unconscious,unconscious,False,Image,False,7,0,5,0
1497,01,lh-fusiform,0.5,0.0,0.0,0.6931471805599453,Mutual + Dummy,unconscious,unconscious,False,Image,False,7,0,8,0
1498,01,lh-fusiform,0.5,0.0,0.0,0.6931471805599453,Mutual + Dummy,unconscious,unconscious,False,Image,False,7,0,9,0
1499,01,lh-fusiform,0.5,0.0,0.0,0.6931471805599453,Mutual + Dummy,unconscious,unconscious,False,Image,False,7,0,7,0
1500,01,lh-fusiform,0.5,0.0,0.0,0.6931471805599453,Mutual + Dummy,unconscious,unconscious,False,Image,False,7,0,6,0
1501,01,lh-fusiform,0.5,0.0,0.0,0.6931471805599453,Mutual + Dummy,unconscious,unconscious,False,Image,False,7,0,11,0
1502,01,lh-fusiform,0.5,0.0,0.0,0.6931471805599453,Mutual + Dummy,unconscious,unconscious,False,Image,False,7,0,5,0
1503,01,lh-fusiform,0.5,0.0,0.0,0.6931471805599453,Mutual + Dummy,unconscious,unconscious,False,Image,False,7,0,9,0
1504,01,lh-fusiform,0.5,0.0,0.0,0.6931471805599453,Mutual + Dummy,unconscious,unconscious,False,Image,False,7,0,6,0
1505,01,lh-fusiform,0.5,0.0,0.0,0.6931471805599453,Mutual + Dummy,unconscious,unconscious,False,Image,False,7,0,6,0
1506,01,lh-fusiform,0.5,0.0,0.0,0.6931471805599453,Mutual + Dummy,unconscious,unconscious,False,Image,False,7,0,15,0
1507,01,lh-fusiform,0.5,0.0,0.0,0.6931471805599453,Mutual + Dummy,unconscious,unconscious,False,Image,False,7,0,10,0
1508,01,lh-fusiform,0.5,0.0,0.0,0.6931471805599453,Mutual + Dummy,unconscious,unconscious,False,Image,False,7,0,4,0
1509,01,lh-fusiform,0.5,0.0,0.0,0.6931471805599453,Mutual + Dummy,unconscious,unconscious,False,Image,False,7,0,5,0
1510,01,lh-fusiform,0.5,0.0,0.0,0.6931471805599453,Mutual + Dummy,unconscious,unconscious,False,Image,False,7,0,6,0
1511,01,lh-fusiform,0.5,0.0,0.0,0.6931471805599453,Mutual + Dummy,unconscious,unconscious,False,Image,False,7,0,8,0
1512,01,lh-fusiform,0.5,0.0,0.0,0.6931471805599453,Mutual + Dummy,unconscious,unconscious,False,Image,False,7,0,15,0
1513,01,lh-fusiform,0.5,0.0,0.0,0.6931471805599453,Mutual + Dummy,unconscious,unconscious,False,Image,False,7,0,6,0
1514,01,lh-fusiform,0.5,0.0,0.0,0.6931471805599453,Mutual + Dummy,unconscious,unconscious,False,Image,False,7,0,10,0
1515,01,lh-fusiform,0.5,0.0,0.0,0.6931471805599453,Mutual + Dummy,unconscious,unconscious,False,Image,False,7,0,8,0
1516,01,lh-fusiform,0.5,0.0,0.0,0.6931471805599453,Mutual + Dummy,unconscious,unconscious,False,Image,False,7,0,6,0
1517,01,lh-fusiform,0.5,0.0,0.0,0.6931471805599453,Mutual + Dummy,unconscious,unconscious,False,Image,False,7,0,2,0
1518,01,lh-fusiform,0.5,0.0,0.0,0.6931471805599453,Mutual + Dummy,unconscious,unconscious,False,Image,False,7,0,8,0
1519,01,lh-fusiform,0.5,0.0,0.0,0.6931471805599453,Mutual + Dummy,unconscious,unconscious,False,Image,False,7,0,5,0
1520,01,lh-fusiform,0.5,0.0,0.0,0.6931471805599453,Mutual + Dummy,unconscious,unconscious,False,Image,False,7,0,11,0
1521,01,lh-fusiform,0.5,0.0,0.0,0.6931471805599453,Mutual + Dummy,unconscious,unconscious,False,Image,False,7,0,8,0
1522,01,lh-fusiform,0.5,0.0,0.0,0.6931471805599453,Mutual + Dummy,unconscious,unconscious,False,Image,False,7,0,5,0
1523,01,lh-fusiform,0.5,0.0,0.0,0.6931471805599453,Mutual + Dummy,unconscious,unconscious,False,Image,False,7,0,5,0
1524,01,lh-fusiform,0.5,0.0,0.0,0.6931471805599453,Mutual + Dummy,unconscious,unconscious,False,Image,False,7,0,10,0
1525,01,lh-fusiform,0.5,0.0,0.0,0.6931471805599453,Mutual + Dummy,unconscious,unconscious,False,Image,False,7,0,6,0
1526,01,lh-fusiform,0.5,0.0,0.0,0.6931471805599453,Mutual + Dummy,unconscious,unconscious,False,Image,False,7,0,8,0
1527,01,lh-fusiform,0.5,0.0,0.0,0.6931471805599453,Mutual + Dummy,unconscious,unconscious,False,Image,False,7,0,4,0
1528,01,lh-fusiform,0.5,0.0,0.0,0.6931471805599453,Mutual + Dummy,unconscious,unconscious,False,Image,False,7,0,9,0
1529,01,lh-fusiform,0.5,0.0,0.0,0.6931471805599453,Mutual + Dummy,unconscious,unconscious,False,Image,False,7,0,8,0
1530,01,lh-fusiform,0.5,0.0,0.0,0.6931471805599453,Mutual + Dummy,unconscious,unconscious,False,Image,False,7,0,4,0
1531,01,lh-fusiform,0.5,0.0,0.0,0.6931471805599453,Mutual + Dummy,unconscious,unconscious,False,Image,False,7,0,5,0
1532,01,lh-fusiform,0.5,0.0,0.0,0.6931471805599453,Mutual + Dummy,unconscious,unconscious,False,Image,False,7,0,7,0
1533,01,lh-fusiform,0.5,0.0,0.0,0.6931471805599453,Mutual + Dummy,unconscious,unconscious,False,Image,False,7,0,7,0
1534,01,lh-fusiform,0.5,0.0,0.0,0.6931471805599453,Mutual + Dummy,unconscious,unconscious,False,Image,False,7,0,11,0
1535,01,lh-fusiform,0.5,0.0,0.0,0.6931471805599453,Mutual + Dummy,unconscious,unconscious,False,Image,False,7,0,6,0
1536,01,lh-fusiform,0.5,0.0,0.0,0.6931471805599453,Mutual + Dummy,unconscious,unconscious,False,Image,False,7,0,5,0
1537,01,lh-fusiform,0.5,0.0,0.0,0.6931471805599453,Mutual + Dummy,unconscious,unconscious,False,Image,False,10,0,2,0
1538,01,lh-fusiform,0.5,0.0,0.0,0.6931471805599453,Mutual + Dummy,unconscious,unconscious,False,Image,False,10,0,8,0
1539,01,lh-fusiform,0.5,0.0,0.0,0.6931471805599453,Mutual + Dummy,unconscious,unconscious,False,Image,False,10,0,13,0
1540,01,lh-fusiform,0.5,0.0,0.0,0.6931471805599453,Mutual + Dummy,unconscious,unconscious,False,Image,False,10,0,9,0
1541,01,lh-fusiform,0.5,0.0,0.0,0.6931471805599453,Mutual + Dummy,unconscious,unconscious,False,Image,False,10,0,2,0
1542,01,lh-fusiform,0.5,0.0,0.0,0.6931471805599453,Mutual + Dummy,unconscious,unconscious,False,Image,False,10,0,5,0
1543,01,lh-fusiform,0.5,0.0,0.0,0.6931471805599453,Mutual + Dummy,unconscious,unconscious,False,Image,False,10,0,8,0
1544,01,lh-fusiform,0.5,0.0,0.0,0.6931471805599453,Mutual + Dummy,unconscious,unconscious,False,Image,False,10,0,5,0
1545,01,lh-fusiform,0.5,0.0,0.0,0.6931471805599453,Mutual + Dummy,unconscious,unconscious,False,Image,False,10,0,8,0
1546,01,lh-fusiform,0.5,0.0,0.0,0.6931471805599453,Mutual + Dummy,unconscious,unconscious,False,Image,False,10,0,9,0
1547,01,lh-fusiform,0.5,0.0,0.0,0.6931471805599453,Mutual + Dummy,unconscious,unconscious,False,Image,False,10,0,7,0
1548,01,lh-fusiform,0.5,0.0,0.0,0.6931471805599453,Mutual + Dummy,unconscious,unconscious,False,Image,False,10,0,6,0
1549,01,lh-fusiform,0.5,0.0,0.0,0.6931471805599453,Mutual + Dummy,unconscious,unconscious,False,Image,False,10,0,11,0
1550,01,lh-fusiform,0.5,0.0,0.0,0.6931471805599453,Mutual + Dummy,unconscious,unconscious,False,Image,False,10,0,5,0
1551,01,lh-fusiform,0.5,0.0,0.0,0.6931471805599453,Mutual + Dummy,unconscious,unconscious,False,Image,False,10,0,9,0
1552,01,lh-fusiform,0.5,0.0,0.0,0.6931471805599453,Mutual + Dummy,unconscious,unconscious,False,Image,False,10,0,6,0
1553,01,lh-fusiform,0.5,0.0,0.0,0.6931471805599453,Mutual + Dummy,unconscious,unconscious,False,Image,False,10,0,6,0
1554,01,lh-fusiform,0.5,0.0,0.0,0.6931471805599452,Mutual + Dummy,unconscious,unconscious,False,Image,False,10,0,15,0
1555,01,lh-fusiform,0.5,0.0,0.0,0.6931471805599453,Mutual + Dummy,unconscious,unconscious,False,Image,False,10,0,10,0
1556,01,lh-fusiform,0.5,0.0,0.0,0.6931471805599453,Mutual + Dummy,unconscious,unconscious,False,Image,False,10,0,4,0
1557,01,lh-fusiform,0.5,0.0,0.0,0.6931471805599453,Mutual + Dummy,unconscious,unconscious,False,Image,False,10,0,5,0
1558,01,lh-fusiform,0.5,0.0,0.0,0.6931471805599453,Mutual + Dummy,unconscious,unconscious,False,Image,False,10,0,6,0
1559,01,lh-fusiform,0.5,0.0,0.0,0.6931471805599453,Mutual + Dummy,unconscious,unconscious,False,Image,False,10,0,8,0
1560,01,lh-fusiform,0.5,0.0,0.0,0.6931471805599452,Mutual + Dummy,unconscious,unconscious,False,Image,False,10,0,15,0
1561,01,lh-fusiform,0.5,0.0,0.0,0.6931471805599453,Mutual + Dummy,unconscious,unconscious,False,Image,False,10,0,6,0
1562,01,lh-fusiform,0.5,0.0,0.0,0.6931471805599453,Mutual + Dummy,unconscious,unconscious,False,Image,False,10,0,10,0
1563,01,lh-fusiform,0.5,0.0,0.0,0.6931471805599453,Mutual + Dummy,unconscious,unconscious,False,Image,False,10,0,8,0
1564,01,lh-fusiform,0.5,0.0,0.0,0.6931471805599453,Mutual + Dummy,unconscious,unconscious,False,Image,False,10,0,6,0
1565,01,lh-fusiform,0.5,0.0,0.0,0.6931471805599453,Mutual + Dummy,unconscious,unconscious,False,Image,False,10,0,2,0
1566,01,lh-fusiform,0.5,0.0,0.0,0.6931471805599453,Mutual + Dummy,unconscious,unconscious,False,Image,False,10,0,8,0
1567,01,lh-fusiform,0.5,0.0,0.0,0.6931471805599453,Mutual + Dummy,unconscious,unconscious,False,Image,False,10,0,5,0
1568,01,lh-fusiform,0.5,0.0,0.0,0.6931471805599453,Mutual + Dummy,unconscious,unconscious,False,Image,False,10,0,11,0
1569,01,lh-fusiform,0.5,0.0,0.0,0.6931471805599453,Mutual + Dummy,unconscious,unconscious,False,Image,False,10,0,8,0
1570,01,lh-fusiform,0.5,0.0,0.0,0.6931471805599453,Mutual + Dummy,unconscious,unconscious,False,Image,False,10,0,5,0
1571,01,lh-fusiform,0.5,0.0,0.0,0.6931471805599453,Mutual + Dummy,unconscious,unconscious,False,Image,False,10,0,5,0
1572,01,lh-fusiform,0.5,0.0,0.0,0.6931471805599453,Mutual + Dummy,unconscious,unconscious,False,Image,False,10,0,10,0
1573,01,lh-fusiform,0.5,0.0,0.0,0.6931471805599453,Mutual + Dummy,unconscious,unconscious,False,Image,False,10,0,6,0
1574,01,lh-fusiform,0.5,0.0,0.0,0.6931471805599453,Mutual + Dummy,unconscious,unconscious,False,Image,False,10,0,8,0
1575,01,lh-fusiform,0.5,0.0,0.0,0.6931471805599453,Mutual + Dummy,unconscious,unconscious,False,Image,False,10,0,4,0
1576,01,lh-fusiform,0.5,0.0,0.0,0.6931471805599453,Mutual + Dummy,unconscious,unconscious,False,Image,False,10,0,9,0
1577,01,lh-fusiform,0.5,0.0,0.0,0.6931471805599453,Mutual + Dummy,unconscious,unconscious,False,Image,False,10,0,8,0
1578,01,lh-fusiform,0.5,0.0,0.0,0.6931471805599453,Mutual + Dummy,unconscious,unconscious,False,Image,False,10,0,4,0
1579,01,lh-fusiform,0.5,0.0,0.0,0.6931471805599453,Mutual + Dummy,unconscious,unconscious,False,Image,False,10,0,5,0
1580,01,lh-fusiform,0.5,0.0,0.0,0.6931471805599453,Mutual + Dummy,unconscious,unconscious,False,Image,False,10,0,7,0
1581,01,lh-fusiform,0.5,0.0,0.0,0.6931471805599453,Mutual + Dummy,unconscious,unconscious,False,Image,False,10,0,7,0
1582,01,lh-fusiform,0.5,0.0,0.0,0.6931471805599453,Mutual + Dummy,unconscious,unconscious,False,Image,False,10,0,11,0
1583,01,lh-fusiform,0.5,0.0,0.0,0.6931471805599453,Mutual + Dummy,unconscious,unconscious,False,Image,False,10,0,6,0
1584,01,lh-fusiform,0.5,0.0,0.0,0.6931471805599453,Mutual + Dummy,unconscious,unconscious,False,Image,False,10,0,5,0
1585,01,lh-fusiform,0.5,0.0,0.0,0.6931471805599453,Mutual + Dummy,unconscious,unconscious,False,Image,False,12,0,2,0
1586,01,lh-fusiform,0.5,0.0,0.0,0.6931471805599453,Mutual + Dummy,unconscious,unconscious,False,Image,False,12,0,8,0
1587,01,lh-fusiform,0.5,0.0,0.0,0.6931471805599452,Mutual + Dummy,unconscious,unconscious,False,Image,False,12,0,13,0
1588,01,lh-fusiform,0.5,0.0,0.0,0.6931471805599453,Mutual + Dummy,unconscious,unconscious,False,Image,False,12,0,9,0
1589,01,lh-fusiform,0.5,0.0,0.0,0.6931471805599453,Mutual + Dummy,unconscious,unconscious,False,Image,False,12,0,2,0
1590,01,lh-fusiform,0.5,0.0,0.0,0.6931471805599453,Mutual + Dummy,unconscious,unconscious,False,Image,False,12,0,5,0
1591,01,lh-fusiform,0.5,0.0,0.0,0.6931471805599453,Mutual + Dummy,unconscious,unconscious,False,Image,False,12,0,8,0
1592,01,lh-fusiform,0.5,0.0,0.0,0.6931471805599453,Mutual + Dummy,unconscious,unconscious,False,Image,False,12,0,5,0
1593,01,lh-fusiform,0.5,0.0,0.0,0.6931471805599453,Mutual + Dummy,unconscious,unconscious,False,Image,False,12,0,8,0
1594,01,lh-fusiform,0.5,0.0,0.0,0.6931471805599453,Mutual + Dummy,unconscious,unconscious,False,Image,False,12,0,9,0
1595,01,lh-fusiform,0.5,0.0,0.0,0.6931471805599453,Mutual + Dummy,unconscious,unconscious,False,Image,False,12,0,7,0
1596,01,lh-fusiform,0.5,0.0,0.0,0.6931471805599453,Mutual + Dummy,unconscious,unconscious,False,Image,False,12,0,6,0
1597,01,lh-fusiform,0.5,0.0,0.0,0.6931471805599453,Mutual + Dummy,unconscious,unconscious,False,Image,False,12,0,11,0
1598,01,lh-fusiform,0.5,0.0,0.0,0.6931471805599453,Mutual + Dummy,unconscious,unconscious,False,Image,False,12,0,5,0
1599,01,lh-fusiform,0.5,0.0,0.0,0.6931471805599453,Mutual + Dummy,unconscious,unconscious,False,Image,False,12,0,9,0
1600,01,lh-fusiform,0.5,0.0,0.0,0.6931471805599453,Mutual + Dummy,unconscious,unconscious,False,Image,False,12,0,6,0
1601,01,lh-fusiform,0.5,0.0,0.0,0.6931471805599453,Mutual + Dummy,unconscious,unconscious,False,Image,False,12,0,6,0
1602,01,lh-fusiform,0.5,0.0,0.0,0.6931471805599451,Mutual + Dummy,unconscious,unconscious,False,Image,False,12,0,15,0
1603,01,lh-fusiform,0.5,0.0,0.0,0.6931471805599453,Mutual + Dummy,unconscious,unconscious,False,Image,False,12,0,10,0
1604,01,lh-fusiform,0.5,0.0,0.0,0.6931471805599453,Mutual + Dummy,unconscious,unconscious,False,Image,False,12,0,4,0
1605,01,lh-fusiform,0.5,0.0,0.0,0.6931471805599453,Mutual + Dummy,unconscious,unconscious,False,Image,False,12,0,5,0
1606,01,lh-fusiform,0.5,0.0,0.0,0.6931471805599453,Mutual + Dummy,unconscious,unconscious,False,Image,False,12,0,6,0
1607,01,lh-fusiform,0.5,0.0,0.0,0.6931471805599453,Mutual + Dummy,unconscious,unconscious,False,Image,False,12,0,8,0
1608,01,lh-fusiform,0.5,0.0,0.0,0.6931471805599451,Mutual + Dummy,unconscious,unconscious,False,Image,False,12,0,15,0
1609,01,lh-fusiform,0.5,0.0,0.0,0.6931471805599453,Mutual + Dummy,unconscious,unconscious,False,Image,False,12,0,6,0
1610,01,lh-fusiform,0.5,0.0,0.0,0.6931471805599453,Mutual + Dummy,unconscious,unconscious,False,Image,False,12,0,10,0
1611,01,lh-fusiform,0.5,0.0,0.0,0.6931471805599453,Mutual + Dummy,unconscious,unconscious,False,Image,False,12,0,8,0
1612,01,lh-fusiform,0.5,0.0,0.0,0.6931471805599453,Mutual + Dummy,unconscious,unconscious,False,Image,False,12,0,6,0
1613,01,lh-fusiform,0.5,0.0,0.0,0.6931471805599453,Mutual + Dummy,unconscious,unconscious,False,Image,False,12,0,2,0
1614,01,lh-fusiform,0.5,0.0,0.0,0.6931471805599453,Mutual + Dummy,unconscious,unconscious,False,Image,False,12,0,8,0
1615,01,lh-fusiform,0.5,0.0,0.0,0.6931471805599453,Mutual + Dummy,unconscious,unconscious,False,Image,False,12,0,5,0
1616,01,lh-fusiform,0.5,0.0,0.0,0.6931471805599453,Mutual + Dummy,unconscious,unconscious,False,Image,False,12,0,11,0
1617,01,lh-fusiform,0.5,0.0,0.0,0.6931471805599453,Mutual + Dummy,unconscious,unconscious,False,Image,False,12,0,8,0
1618,01,lh-fusiform,0.5,0.0,0.0,0.6931471805599453,Mutual + Dummy,unconscious,unconscious,False,Image,False,12,0,5,0
1619,01,lh-fusiform,0.5,0.0,0.0,0.6931471805599453,Mutual + Dummy,unconscious,unconscious,False,Image,False,12,0,5,0
1620,01,lh-fusiform,0.5,0.0,0.0,0.6931471805599453,Mutual + Dummy,unconscious,unconscious,False,Image,False,12,0,10,0
1621,01,lh-fusiform,0.5,0.0,0.0,0.6931471805599453,Mutual + Dummy,unconscious,unconscious,False,Image,False,12,0,6,0
1622,01,lh-fusiform,0.5,0.0,0.0,0.6931471805599453,Mutual + Dummy,unconscious,unconscious,False,Image,False,12,0,8,0
1623,01,lh-fusiform,0.5,0.0,0.0,0.6931471805599453,Mutual + Dummy,unconscious,unconscious,False,Image,False,12,0,4,0
1624,01,lh-fusiform,0.5,0.0,0.0,0.6931471805599453,Mutual + Dummy,unconscious,unconscious,False,Image,False,12,0,9,0
1625,01,lh-fusiform,0.5,0.0,0.0,0.6931471805599453,Mutual + Dummy,unconscious,unconscious,False,Image,False,12,0,8,0
1626,01,lh-fusiform,0.5,0.0,0.0,0.6931471805599453,Mutual + Dummy,unconscious,unconscious,False,Image,False,12,0,4,0
1627,01,lh-fusiform,0.5,0.0,0.0,0.6931471805599453,Mutual + Dummy,unconscious,unconscious,False,Image,False,12,0,5,0
1628,01,lh-fusiform,0.5,0.0,0.0,0.6931471805599453,Mutual + Dummy,unconscious,unconscious,False,Image,False,12,0,7,0
1629,01,lh-fusiform,0.5,0.0,0.0,0.6931471805599453,Mutual + Dummy,unconscious,unconscious,False,Image,False,12,0,7,0
1630,01,lh-fusiform,0.5,0.0,0.0,0.6931471805599453,Mutual + Dummy,unconscious,unconscious,False,Image,False,12,0,11,0
1631,01,lh-fusiform,0.5,0.0,0.0,0.6931471805599453,Mutual + Dummy,unconscious,unconscious,False,Image,False,12,0,6,0
1632,01,lh-fusiform,0.5,0.0,0.0,0.6931471805599453,Mutual + Dummy,unconscious,unconscious,False,Image,False,12,0,5,0
1633,01,lh-fusiform,0.5,0.0,0.0,0.6931471805599453,Mutual + Dummy,unconscious,unconscious,False,Image,False,7,0,2,0
1634,01,lh-fusiform,0.5,0.0,0.0,0.6931471805599453,Mutual + Dummy,unconscious,unconscious,False,Image,False,7,0,8,0
1635,01,lh-fusiform,0.5,0.0,0.0,0.6931471805599453,Mutual + Dummy,unconscious,unconscious,False,Image,False,7,0,13,0
1636,01,lh-fusiform,0.5,0.0,0.0,0.6931471805599453,Mutual + Dummy,unconscious,unconscious,False,Image,False,7,0,9,0
1637,01,lh-fusiform,0.5,0.0,0.0,0.6931471805599453,Mutual + Dummy,unconscious,unconscious,False,Image,False,7,0,2,0
1638,01,lh-fusiform,0.5,0.0,0.0,0.6931471805599453,Mutual + Dummy,unconscious,unconscious,False,Image,False,7,0,5,0
1639,01,lh-fusiform,0.5,0.0,0.0,0.6931471805599453,Mutual + Dummy,unconscious,unconscious,False,Image,False,7,0,8,0
1640,01,lh-fusiform,0.5,0.0,0.0,0.6931471805599453,Mutual + Dummy,unconscious,unconscious,False,Image,False,7,0,5,0
1641,01,lh-fusiform,0.5,0.0,0.0,0.6931471805599453,Mutual + Dummy,unconscious,unconscious,False,Image,False,7,0,8,0
1642,01,lh-fusiform,0.5,0.0,0.0,0.6931471805599453,Mutual + Dummy,unconscious,unconscious,False,Image,False,7,0,9,0
1643,01,lh-fusiform,0.5,0.0,0.0,0.6931471805599453,Mutual + Dummy,unconscious,unconscious,False,Image,False,7,0,7,0
1644,01,lh-fusiform,0.5,0.0,0.0,0.6931471805599453,Mutual + Dummy,unconscious,unconscious,False,Image,False,7,0,6,0
1645,01,lh-fusiform,0.5,0.0,0.0,0.6931471805599453,Mutual + Dummy,unconscious,unconscious,False,Image,False,7,0,11,0
1646,01,lh-fusiform,0.5,0.0,0.0,0.6931471805599453,Mutual + Dummy,unconscious,unconscious,False,Image,False,7,0,5,0
1647,01,lh-fusiform,0.5,0.0,0.0,0.6931471805599453,Mutual + Dummy,unconscious,unconscious,False,Image,False,7,0,9,0
1648,01,lh-fusiform,0.5,0.0,0.0,0.6931471805599453,Mutual + Dummy,unconscious,unconscious,False,Image,False,7,0,6,0
1649,01,lh-fusiform,0.5,0.0,0.0,0.6931471805599453,Mutual + Dummy,unconscious,unconscious,False,Image,False,7,0,6,0
1650,01,lh-fusiform,0.5,0.0,0.0,0.6931471805599453,Mutual + Dummy,unconscious,unconscious,False,Image,False,7,0,15,0
1651,01,lh-fusiform,0.5,0.0,0.0,0.6931471805599453,Mutual + Dummy,unconscious,unconscious,False,Image,False,7,0,10,0
1652,01,lh-fusiform,0.5,0.0,0.0,0.6931471805599453,Mutual + Dummy,unconscious,unconscious,False,Image,False,7,0,4,0
1653,01,lh-fusiform,0.5,0.0,0.0,0.6931471805599453,Mutual + Dummy,unconscious,unconscious,False,Image,False,7,0,5,0
1654,01,lh-fusiform,0.5,0.0,0.0,0.6931471805599453,Mutual + Dummy,unconscious,unconscious,False,Image,False,7,0,6,0
1655,01,lh-fusiform,0.5,0.0,0.0,0.6931471805599453,Mutual + Dummy,unconscious,unconscious,False,Image,False,7,0,8,0
1656,01,lh-fusiform,0.5,0.0,0.0,0.6931471805599453,Mutual + Dummy,unconscious,unconscious,False,Image,False,7,0,15,0
1657,01,lh-fusiform,0.5,0.0,0.0,0.6931471805599453,Mutual + Dummy,unconscious,unconscious,False,Image,False,7,0,6,0
1658,01,lh-fusiform,0.5,0.0,0.0,0.6931471805599453,Mutual + Dummy,unconscious,unconscious,False,Image,False,7,0,10,0
1659,01,lh-fusiform,0.5,0.0,0.0,0.6931471805599453,Mutual + Dummy,unconscious,unconscious,False,Image,False,7,0,8,0
1660,01,lh-fusiform,0.5,0.0,0.0,0.6931471805599453,Mutual + Dummy,unconscious,unconscious,False,Image,False,7,0,6,0
1661,01,lh-fusiform,0.5,0.0,0.0,0.6931471805599453,Mutual + Dummy,unconscious,unconscious,False,Image,False,7,0,2,0
1662,01,lh-fusiform,0.5,0.0,0.0,0.6931471805599453,Mutual + Dummy,unconscious,unconscious,False,Image,False,7,0,8,0
1663,01,lh-fusiform,0.5,0.0,0.0,0.6931471805599453,Mutual + Dummy,unconscious,unconscious,False,Image,False,7,0,5,0
1664,01,lh-fusiform,0.5,0.0,0.0,0.6931471805599453,Mutual + Dummy,unconscious,unconscious,False,Image,False,7,0,11,0
1665,01,lh-fusiform,0.5,0.0,0.0,0.6931471805599453,Mutual + Dummy,unconscious,unconscious,False,Image,False,7,0,8,0
1666,01,lh-fusiform,0.5,0.0,0.0,0.6931471805599453,Mutual + Dummy,unconscious,unconscious,False,Image,False,7,0,5,0
1667,01,lh-fusiform,0.5,0.0,0.0,0.6931471805599453,Mutual + Dummy,unconscious,unconscious,False,Image,False,7,0,5,0
1668,01,lh-fusiform,0.5,0.0,0.0,0.6931471805599453,Mutual + Dummy,unconscious,unconscious,False,Image,False,7,0,10,0
1669,01,lh-fusiform,0.5,0.0,0.0,0.6931471805599453,Mutual + Dummy,unconscious,unconscious,False,Image,False,7,0,6,0
1670,01,lh-fusiform,0.5,0.0,0.0,0.6931471805599453,Mutual + Dummy,unconscious,unconscious,False,Image,False,7,0,8,0
1671,01,lh-fusiform,0.5,0.0,0.0,0.6931471805599453,Mutual + Dummy,unconscious,unconscious,False,Image,False,7,0,4,0
1672,01,lh-fusiform,0.5,0.0,0.0,0.6931471805599453,Mutual + Dummy,unconscious,unconscious,False,Image,False,7,0,9,0
1673,01,lh-fusiform,0.5,0.0,0.0,0.6931471805599453,Mutual + Dummy,unconscious,unconscious,False,Image,False,7,0,8,0
1674,01,lh-fusiform,0.5,0.0,0.0,0.6931471805599453,Mutual + Dummy,unconscious,unconscious,False,Image,False,7,0,4,0
1675,01,lh-fusiform,0.5,0.0,0.0,0.6931471805599453,Mutual + Dummy,unconscious,unconscious,False,Image,False,7,0,5,0
1676,01,lh-fusiform,0.5,0.0,0.0,0.6931471805599453,Mutual + Dummy,unconscious,unconscious,False,Image,False,7,0,7,0
1677,01,lh-fusiform,0.5,0.0,0.0,0.6931471805599453,Mutual + Dummy,unconscious,unconscious,False,Image,False,7,0,7,0
1678,01,lh-fusiform,0.5,0.0,0.0,0.6931471805599453,Mutual + Dummy,unconscious,unconscious,False,Image,False,7,0,11,0
1679,01,lh-fusiform,0.5,0.0,0.0,0.6931471805599453,Mutual + Dummy,unconscious,unconscious,False,Image,False,7,0,6,0
1680,01,lh-fusiform,0.5,0.0,0.0,0.6931471805599453,Mutual + Dummy,unconscious,unconscious,False,Image,False,7,0,5,0
1681,01,lh-fusiform,0.5,0.0,0.0,0.6931471805599453,Mutual + Dummy,unconscious,unconscious,False,Image,False,6,0,2,0
1682,01,lh-fusiform,0.5,0.0,0.0,0.6931471805599453,Mutual + Dummy,unconscious,unconscious,False,Image,False,6,0,8,0
1683,01,lh-fusiform,0.5,0.0,0.0,0.6931471805599453,Mutual + Dummy,unconscious,unconscious,False,Image,False,6,0,13,0
1684,01,lh-fusiform,0.5,0.0,0.0,0.6931471805599453,Mutual + Dummy,unconscious,unconscious,False,Image,False,6,0,9,0
1685,01,lh-fusiform,0.5,0.0,0.0,0.6931471805599453,Mutual + Dummy,unconscious,unconscious,False,Image,False,6,0,2,0
1686,01,lh-fusiform,0.5,0.0,0.0,0.6931471805599453,Mutual + Dummy,unconscious,unconscious,False,Image,False,6,0,5,0
1687,01,lh-fusiform,0.5,0.0,0.0,0.6931471805599453,Mutual + Dummy,unconscious,unconscious,False,Image,False,6,0,8,0
1688,01,lh-fusiform,0.5,0.0,0.0,0.6931471805599453,Mutual + Dummy,unconscious,unconscious,False,Image,False,6,0,5,0
1689,01,lh-fusiform,0.5,0.0,0.0,0.6931471805599453,Mutual + Dummy,unconscious,unconscious,False,Image,False,6,0,8,0
1690,01,lh-fusiform,0.5,0.0,0.0,0.6931471805599453,Mutual + Dummy,unconscious,unconscious,False,Image,False,6,0,9,0
1691,01,lh-fusiform,0.5,0.0,0.0,0.6931471805599453,Mutual + Dummy,unconscious,unconscious,False,Image,False,6,0,7,0
1692,01,lh-fusiform,0.5,0.0,0.0,0.6931471805599453,Mutual + Dummy,unconscious,unconscious,False,Image,False,6,0,6,0
1693,01,lh-fusiform,0.5,0.0,0.0,0.6931471805599453,Mutual + Dummy,unconscious,unconscious,False,Image,False,6,0,11,0
1694,01,lh-fusiform,0.5,0.0,0.0,0.6931471805599453,Mutual + Dummy,unconscious,unconscious,False,Image,False,6,0,5,0
1695,01,lh-fusiform,0.5,0.0,0.0,0.6931471805599453,Mutual + Dummy,unconscious,unconscious,False,Image,False,6,0,9,0
1696,01,lh-fusiform,0.5,0.0,0.0,0.6931471805599453,Mutual + Dummy,unconscious,unconscious,False,Image,False,6,0,6,0
1697,01,lh-fusiform,0.5,0.0,0.0,0.6931471805599453,Mutual + Dummy,unconscious,unconscious,False,Image,False,6,0,6,0
1698,01,lh-fusiform,0.5,0.0,0.0,0.6931471805599453,Mutual + Dummy,unconscious,unconscious,False,Image,False,6,0,15,0
1699,01,lh-fusiform,0.5,0.0,0.0,0.6931471805599453,Mutual + Dummy,unconscious,unconscious,False,Image,False,6,0,10,0
1700,01,lh-fusiform,0.5,0.0,0.0,0.6931471805599453,Mutual + Dummy,unconscious,unconscious,False,Image,False,6,0,4,0
1701,01,lh-fusiform,0.5,0.0,0.0,0.6931471805599453,Mutual + Dummy,unconscious,unconscious,False,Image,False,6,0,5,0
1702,01,lh-fusiform,0.5,0.0,0.0,0.6931471805599453,Mutual + Dummy,unconscious,unconscious,False,Image,False,6,0,6,0
1703,01,lh-fusiform,0.5,0.0,0.0,0.6931471805599453,Mutual + Dummy,unconscious,unconscious,False,Image,False,6,0,8,0
1704,01,lh-fusiform,0.5,0.0,0.0,0.6931471805599453,Mutual + Dummy,unconscious,unconscious,False,Image,False,6,0,15,0
1705,01,lh-fusiform,0.5,0.0,0.0,0.6931471805599453,Mutual + Dummy,unconscious,unconscious,False,Image,False,6,0,6,0
1706,01,lh-fusiform,0.5,0.0,0.0,0.6931471805599453,Mutual + Dummy,unconscious,unconscious,False,Image,False,6,0,10,0
1707,01,lh-fusiform,0.5,0.0,0.0,0.6931471805599453,Mutual + Dummy,unconscious,unconscious,False,Image,False,6,0,8,0
1708,01,lh-fusiform,0.5,0.0,0.0,0.6931471805599453,Mutual + Dummy,unconscious,unconscious,False,Image,False,6,0,6,0
1709,01,lh-fusiform,0.5,0.0,0.0,0.6931471805599453,Mutual + Dummy,unconscious,unconscious,False,Image,False,6,0,2,0
1710,01,lh-fusiform,0.5,0.0,0.0,0.6931471805599453,Mutual + Dummy,unconscious,unconscious,False,Image,False,6,0,8,0
1711,01,lh-fusiform,0.5,0.0,0.0,0.6931471805599453,Mutual + Dummy,unconscious,unconscious,False,Image,False,6,0,5,0
1712,01,lh-fusiform,0.5,0.0,0.0,0.6931471805599453,Mutual + Dummy,unconscious,unconscious,False,Image,False,6,0,11,0
1713,01,lh-fusiform,0.5,0.0,0.0,0.6931471805599453,Mutual + Dummy,unconscious,unconscious,False,Image,False,6,0,8,0
1714,01,lh-fusiform,0.5,0.0,0.0,0.6931471805599453,Mutual + Dummy,unconscious,unconscious,False,Image,False,6,0,5,0
1715,01,lh-fusiform,0.5,0.0,0.0,0.6931471805599453,Mutual + Dummy,unconscious,unconscious,False,Image,False,6,0,5,0
1716,01,lh-fusiform,0.5,0.0,0.0,0.6931471805599453,Mutual + Dummy,unconscious,unconscious,False,Image,False,6,0,10,0
1717,01,lh-fusiform,0.5,0.0,0.0,0.6931471805599453,Mutual + Dummy,unconscious,unconscious,False,Image,False,6,0,6,0
1718,01,lh-fusiform,0.5,0.0,0.0,0.6931471805599453,Mutual + Dummy,unconscious,unconscious,False,Image,False,6,0,8,0
1719,01,lh-fusiform,0.5,0.0,0.0,0.6931471805599453,Mutual + Dummy,unconscious,unconscious,False,Image,False,6,0,4,0
1720,01,lh-fusiform,0.5,0.0,0.0,0.6931471805599453,Mutual + Dummy,unconscious,unconscious,False,Image,False,6,0,9,0
1721,01,lh-fusiform,0.5,0.0,0.0,0.6931471805599453,Mutual + Dummy,unconscious,unconscious,False,Image,False,6,0,8,0
1722,01,lh-fusiform,0.5,0.0,0.0,0.6931471805599453,Mutual + Dummy,unconscious,unconscious,False,Image,False,6,0,4,0
1723,01,lh-fusiform,0.5,0.0,0.0,0.6931471805599453,Mutual + Dummy,unconscious,unconscious,False,Image,False,6,0,5,0
1724,01,lh-fusiform,0.5,0.0,0.0,0.6931471805599453,Mutual + Dummy,unconscious,unconscious,False,Image,False,6,0,7,0
1725,01,lh-fusiform,0.5,0.0,0.0,0.6931471805599453,Mutual + Dummy,unconscious,unconscious,False,Image,False,6,0,7,0
1726,01,lh-fusiform,0.5,0.0,0.0,0.6931471805599453,Mutual + Dummy,unconscious,unconscious,False,Image,False,6,0,11,0
1727,01,lh-fusiform,0.5,0.0,0.0,0.6931471805599453,Mutual + Dummy,unconscious,unconscious,False,Image,False,6,0,6,0
1728,01,lh-fusiform,0.5,0.0,0.0,0.6931471805599453,Mutual + Dummy,unconscious,unconscious,False,Image,False,6,0,5,0
1729,01,lh-fusiform,0.5,0.0,0.0,0.6931471805599453,Mutual + Dummy,unconscious,unconscious,False,Image,False,16,0,2,0
1730,01,lh-fusiform,0.5,0.0,0.0,0.6931471805599453,Mutual + Dummy,unconscious,unconscious,False,Image,False,16,0,8,0
1731,01,lh-fusiform,0.5,0.0,0.0,0.693147180559945,Mutual + Dummy,unconscious,unconscious,False,Image,False,16,0,13,0
1732,01,lh-fusiform,0.5,0.0,0.0,0.6931471805599452,Mutual + Dummy,unconscious,unconscious,False,Image,False,16,0,9,0
1733,01,lh-fusiform,0.5,0.0,0.0,0.6931471805599453,Mutual + Dummy,unconscious,unconscious,False,Image,False,16,0,2,0
1734,01,lh-fusiform,0.5,0.0,0.0,0.6931471805599453,Mutual + Dummy,unconscious,unconscious,False,Image,False,16,0,5,0
1735,01,lh-fusiform,0.5,0.0,0.0,0.6931471805599453,Mutual + Dummy,unconscious,unconscious,False,Image,False,16,0,8,0
1736,01,lh-fusiform,0.5,0.0,0.0,0.6931471805599453,Mutual + Dummy,unconscious,unconscious,False,Image,False,16,0,5,0
1737,01,lh-fusiform,0.5,0.0,0.0,0.6931471805599453,Mutual + Dummy,unconscious,unconscious,False,Image,False,16,0,8,0
1738,01,lh-fusiform,0.5,0.0,0.0,0.6931471805599452,Mutual + Dummy,unconscious,unconscious,False,Image,False,16,0,9,0
1739,01,lh-fusiform,0.5,0.0,0.0,0.6931471805599453,Mutual + Dummy,unconscious,unconscious,False,Image,False,16,0,7,0
1740,01,lh-fusiform,0.5,0.0,0.0,0.6931471805599453,Mutual + Dummy,unconscious,unconscious,False,Image,False,16,0,6,0
1741,01,lh-fusiform,0.5,0.0,0.0,0.6931471805599451,Mutual + Dummy,unconscious,unconscious,False,Image,False,16,0,11,0
1742,01,lh-fusiform,0.5,0.0,0.0,0.6931471805599453,Mutual + Dummy,unconscious,unconscious,False,Image,False,16,0,5,0
1743,01,lh-fusiform,0.5,0.0,0.0,0.6931471805599452,Mutual + Dummy,unconscious,unconscious,False,Image,False,16,0,9,0
1744,01,lh-fusiform,0.5,0.0,0.0,0.6931471805599453,Mutual + Dummy,unconscious,unconscious,False,Image,False,16,0,6,0
1745,01,lh-fusiform,0.5,0.0,0.0,0.6931471805599453,Mutual + Dummy,unconscious,unconscious,False,Image,False,16,0,6,0
1746,01,lh-fusiform,0.5,0.0,0.0,0.6931471805599448,Mutual + Dummy,unconscious,unconscious,False,Image,False,16,0,15,0
1747,01,lh-fusiform,0.5,0.0,0.0,0.6931471805599452,Mutual + Dummy,unconscious,unconscious,False,Image,False,16,0,10,0
1748,01,lh-fusiform,0.5,0.0,0.0,0.6931471805599453,Mutual + Dummy,unconscious,unconscious,False,Image,False,16,0,4,0
1749,01,lh-fusiform,0.5,0.0,0.0,0.6931471805599453,Mutual + Dummy,unconscious,unconscious,False,Image,False,16,0,5,0
1750,01,lh-fusiform,0.5,0.0,0.0,0.6931471805599453,Mutual + Dummy,unconscious,unconscious,False,Image,False,16,0,6,0
1751,01,lh-fusiform,0.5,0.0,0.0,0.6931471805599453,Mutual + Dummy,unconscious,unconscious,False,Image,False,16,0,8,0
1752,01,lh-fusiform,0.5,0.0,0.0,0.6931471805599448,Mutual + Dummy,unconscious,unconscious,False,Image,False,16,0,15,0
1753,01,lh-fusiform,0.5,0.0,0.0,0.6931471805599453,Mutual + Dummy,unconscious,unconscious,False,Image,False,16,0,6,0
1754,01,lh-fusiform,0.5,0.0,0.0,0.6931471805599452,Mutual + Dummy,unconscious,unconscious,False,Image,False,16,0,10,0
1755,01,lh-fusiform,0.5,0.0,0.0,0.6931471805599453,Mutual + Dummy,unconscious,unconscious,False,Image,False,16,0,8,0
1756,01,lh-fusiform,0.5,0.0,0.0,0.6931471805599453,Mutual + Dummy,unconscious,unconscious,False,Image,False,16,0,6,0
1757,01,lh-fusiform,0.5,0.0,0.0,0.6931471805599453,Mutual + Dummy,unconscious,unconscious,False,Image,False,16,0,2,0
1758,01,lh-fusiform,0.5,0.0,0.0,0.6931471805599453,Mutual + Dummy,unconscious,unconscious,False,Image,False,16,0,8,0
1759,01,lh-fusiform,0.5,0.0,0.0,0.6931471805599453,Mutual + Dummy,unconscious,unconscious,False,Image,False,16,0,5,0
1760,01,lh-fusiform,0.5,0.0,0.0,0.6931471805599451,Mutual + Dummy,unconscious,unconscious,False,Image,False,16,0,11,0
1761,01,lh-fusiform,0.5,0.0,0.0,0.6931471805599453,Mutual + Dummy,unconscious,unconscious,False,Image,False,16,0,8,0
1762,01,lh-fusiform,0.5,0.0,0.0,0.6931471805599453,Mutual + Dummy,unconscious,unconscious,False,Image,False,16,0,5,0
1763,01,lh-fusiform,0.5,0.0,0.0,0.6931471805599453,Mutual + Dummy,unconscious,unconscious,False,Image,False,16,0,5,0
1764,01,lh-fusiform,0.5,0.0,0.0,0.6931471805599452,Mutual + Dummy,unconscious,unconscious,False,Image,False,16,0,10,0
1765,01,lh-fusiform,0.5,0.0,0.0,0.6931471805599453,Mutual + Dummy,unconscious,unconscious,False,Image,False,16,0,6,0
1766,01,lh-fusiform,0.5,0.0,0.0,0.6931471805599453,Mutual + Dummy,unconscious,unconscious,False,Image,False,16,0,8,0
1767,01,lh-fusiform,0.5,0.0,0.0,0.6931471805599453,Mutual + Dummy,unconscious,unconscious,False,Image,False,16,0,4,0
1768,01,lh-fusiform,0.5,0.0,0.0,0.6931471805599452,Mutual + Dummy,unconscious,unconscious,False,Image,False,16,0,9,0
1769,01,lh-fusiform,0.5,0.0,0.0,0.6931471805599453,Mutual + Dummy,unconscious,unconscious,False,Image,False,16,0,8,0
1770,01,lh-fusiform,0.5,0.0,0.0,0.6931471805599453,Mutual + Dummy,unconscious,unconscious,False,Image,False,16,0,4,0
1771,01,lh-fusiform,0.5,0.0,0.0,0.6931471805599453,Mutual + Dummy,unconscious,unconscious,False,Image,False,16,0,5,0
1772,01,lh-fusiform,0.5,0.0,0.0,0.6931471805599453,Mutual + Dummy,unconscious,unconscious,False,Image,False,16,0,7,0
1773,01,lh-fusiform,0.5,0.0,0.0,0.6931471805599453,Mutual + Dummy,unconscious,unconscious,False,Image,False,16,0,7,0
1774,01,lh-fusiform,0.5,0.0,0.0,0.6931471805599451,Mutual + Dummy,unconscious,unconscious,False,Image,False,16,0,11,0
1775,01,lh-fusiform,0.5,0.0,0.0,0.6931471805599453,Mutual + Dummy,unconscious,unconscious,False,Image,False,16,0,6,0
1776,01,lh-fusiform,0.5,0.0,0.0,0.6931471805599453,Mutual + Dummy,unconscious,unconscious,False,Image,False,16,0,5,0
1777,01,lh-fusiform,0.5,0.0,0.0,0.6931471805599453,Mutual + Dummy,unconscious,unconscious,False,Image,False,9,0,2,0
1778,01,lh-fusiform,0.5,0.0,0.0,0.6931471805599453,Mutual + Dummy,unconscious,unconscious,False,Image,False,9,0,8,0
1779,01,lh-fusiform,0.5,0.0,0.0,0.6931471805599453,Mutual + Dummy,unconscious,unconscious,False,Image,False,9,0,13,0
1780,01,lh-fusiform,0.5,0.0,0.0,0.6931471805599453,Mutual + Dummy,unconscious,unconscious,False,Image,False,9,0,9,0
1781,01,lh-fusiform,0.5,0.0,0.0,0.6931471805599453,Mutual + Dummy,unconscious,unconscious,False,Image,False,9,0,2,0
1782,01,lh-fusiform,0.5,0.0,0.0,0.6931471805599453,Mutual + Dummy,unconscious,unconscious,False,Image,False,9,0,5,0
1783,01,lh-fusiform,0.5,0.0,0.0,0.6931471805599453,Mutual + Dummy,unconscious,unconscious,False,Image,False,9,0,8,0
1784,01,lh-fusiform,0.5,0.0,0.0,0.6931471805599453,Mutual + Dummy,unconscious,unconscious,False,Image,False,9,0,5,0
1785,01,lh-fusiform,0.5,0.0,0.0,0.6931471805599453,Mutual + Dummy,unconscious,unconscious,False,Image,False,9,0,8,0
1786,01,lh-fusiform,0.5,0.0,0.0,0.6931471805599453,Mutual + Dummy,unconscious,unconscious,False,Image,False,9,0,9,0
1787,01,lh-fusiform,0.5,0.0,0.0,0.6931471805599453,Mutual + Dummy,unconscious,unconscious,False,Image,False,9,0,7,0
1788,01,lh-fusiform,0.5,0.0,0.0,0.6931471805599453,Mutual + Dummy,unconscious,unconscious,False,Image,False,9,0,6,0
1789,01,lh-fusiform,0.5,0.0,0.0,0.6931471805599453,Mutual + Dummy,unconscious,unconscious,False,Image,False,9,0,11,0
1790,01,lh-fusiform,0.5,0.0,0.0,0.6931471805599453,Mutual + Dummy,unconscious,unconscious,False,Image,False,9,0,5,0
1791,01,lh-fusiform,0.5,0.0,0.0,0.6931471805599453,Mutual + Dummy,unconscious,unconscious,False,Image,False,9,0,9,0
1792,01,lh-fusiform,0.5,0.0,0.0,0.6931471805599453,Mutual + Dummy,unconscious,unconscious,False,Image,False,9,0,6,0
1793,01,lh-fusiform,0.5,0.0,0.0,0.6931471805599453,Mutual + Dummy,unconscious,unconscious,False,Image,False,9,0,6,0
1794,01,lh-fusiform,0.5,0.0,0.0,0.6931471805599453,Mutual + Dummy,unconscious,unconscious,False,Image,False,9,0,15,0
1795,01,lh-fusiform,0.5,0.0,0.0,0.6931471805599453,Mutual + Dummy,unconscious,unconscious,False,Image,False,9,0,10,0
1796,01,lh-fusiform,0.5,0.0,0.0,0.6931471805599453,Mutual + Dummy,unconscious,unconscious,False,Image,False,9,0,4,0
1797,01,lh-fusiform,0.5,0.0,0.0,0.6931471805599453,Mutual + Dummy,unconscious,unconscious,False,Image,False,9,0,5,0
1798,01,lh-fusiform,0.5,0.0,0.0,0.6931471805599453,Mutual + Dummy,unconscious,unconscious,False,Image,False,9,0,6,0
1799,01,lh-fusiform,0.5,0.0,0.0,0.6931471805599453,Mutual + Dummy,unconscious,unconscious,False,Image,False,9,0,8,0
1800,01,lh-fusiform,0.5,0.0,0.0,0.6931471805599453,Mutual + Dummy,unconscious,unconscious,False,Image,False,9,0,15,0
1801,01,lh-fusiform,0.5,0.0,0.0,0.6931471805599453,Mutual + Dummy,unconscious,unconscious,False,Image,False,9,0,6,0
1802,01,lh-fusiform,0.5,0.0,0.0,0.6931471805599453,Mutual + Dummy,unconscious,unconscious,False,Image,False,9,0,10,0
1803,01,lh-fusiform,0.5,0.0,0.0,0.6931471805599453,Mutual + Dummy,unconscious,unconscious,False,Image,False,9,0,8,0
1804,01,lh-fusiform,0.5,0.0,0.0,0.6931471805599453,Mutual + Dummy,unconscious,unconscious,False,Image,False,9,0,6,0
1805,01,lh-fusiform,0.5,0.0,0.0,0.6931471805599453,Mutual + Dummy,unconscious,unconscious,False,Image,False,9,0,2,0
1806,01,lh-fusiform,0.5,0.0,0.0,0.6931471805599453,Mutual + Dummy,unconscious,unconscious,False,Image,False,9,0,8,0
1807,01,lh-fusiform,0.5,0.0,0.0,0.6931471805599453,Mutual + Dummy,unconscious,unconscious,False,Image,False,9,0,5,0
1808,01,lh-fusiform,0.5,0.0,0.0,0.6931471805599453,Mutual + Dummy,unconscious,unconscious,False,Image,False,9,0,11,0
1809,01,lh-fusiform,0.5,0.0,0.0,0.6931471805599453,Mutual + Dummy,unconscious,unconscious,False,Image,False,9,0,8,0
1810,01,lh-fusiform,0.5,0.0,0.0,0.6931471805599453,Mutual + Dummy,unconscious,unconscious,False,Image,False,9,0,5,0
1811,01,lh-fusiform,0.5,0.0,0.0,0.6931471805599453,Mutual + Dummy,unconscious,unconscious,False,Image,False,9,0,5,0
1812,01,lh-fusiform,0.5,0.0,0.0,0.6931471805599453,Mutual + Dummy,unconscious,unconscious,False,Image,False,9,0,10,0
1813,01,lh-fusiform,0.5,0.0,0.0,0.6931471805599453,Mutual + Dummy,unconscious,unconscious,False,Image,False,9,0,6,0
1814,01,lh-fusiform,0.5,0.0,0.0,0.6931471805599453,Mutual + Dummy,unconscious,unconscious,False,Image,False,9,0,8,0
1815,01,lh-fusiform,0.5,0.0,0.0,0.6931471805599453,Mutual + Dummy,unconscious,unconscious,False,Image,False,9,0,4,0
1816,01,lh-fusiform,0.5,0.0,0.0,0.6931471805599453,Mutual + Dummy,unconscious,unconscious,False,Image,False,9,0,9,0
1817,01,lh-fusiform,0.5,0.0,0.0,0.6931471805599453,Mutual + Dummy,unconscious,unconscious,False,Image,False,9,0,8,0
1818,01,lh-fusiform,0.5,0.0,0.0,0.6931471805599453,Mutual + Dummy,unconscious,unconscious,False,Image,False,9,0,4,0
1819,01,lh-fusiform,0.5,0.0,0.0,0.6931471805599453,Mutual + Dummy,unconscious,unconscious,False,Image,False,9,0,5,0
1820,01,lh-fusiform,0.5,0.0,0.0,0.6931471805599453,Mutual + Dummy,unconscious,unconscious,False,Image,False,9,0,7,0
1821,01,lh-fusiform,0.5,0.0,0.0,0.6931471805599453,Mutual + Dummy,unconscious,unconscious,False,Image,False,9,0,7,0
1822,01,lh-fusiform,0.5,0.0,0.0,0.6931471805599453,Mutual + Dummy,unconscious,unconscious,False,Image,False,9,0,11,0
1823,01,lh-fusiform,0.5,0.0,0.0,0.6931471805599453,Mutual + Dummy,unconscious,unconscious,False,Image,False,9,0,6,0
1824,01,lh-fusiform,0.5,0.0,0.0,0.6931471805599453,Mutual + Dummy,unconscious,unconscious,False,Image,False,9,0,5,0
1825,01,lh-fusiform,0.5,0.0,0.0,0.6931471805599453,Mutual + Dummy,unconscious,unconscious,False,Image,False,10,0,2,0
1826,01,lh-fusiform,0.5,0.0,0.0,0.6931471805599453,Mutual + Dummy,unconscious,unconscious,False,Image,False,10,0,8,0
1827,01,lh-fusiform,0.5,0.0,0.0,0.6931471805599453,Mutual + Dummy,unconscious,unconscious,False,Image,False,10,0,13,0
1828,01,lh-fusiform,0.5,0.0,0.0,0.6931471805599453,Mutual + Dummy,unconscious,unconscious,False,Image,False,10,0,9,0
1829,01,lh-fusiform,0.5,0.0,0.0,0.6931471805599453,Mutual + Dummy,unconscious,unconscious,False,Image,False,10,0,2,0
1830,01,lh-fusiform,0.5,0.0,0.0,0.6931471805599453,Mutual + Dummy,unconscious,unconscious,False,Image,False,10,0,5,0
1831,01,lh-fusiform,0.5,0.0,0.0,0.6931471805599453,Mutual + Dummy,unconscious,unconscious,False,Image,False,10,0,8,0
1832,01,lh-fusiform,0.5,0.0,0.0,0.6931471805599453,Mutual + Dummy,unconscious,unconscious,False,Image,False,10,0,5,0
1833,01,lh-fusiform,0.5,0.0,0.0,0.6931471805599453,Mutual + Dummy,unconscious,unconscious,False,Image,False,10,0,8,0
1834,01,lh-fusiform,0.5,0.0,0.0,0.6931471805599453,Mutual + Dummy,unconscious,unconscious,False,Image,False,10,0,9,0
1835,01,lh-fusiform,0.5,0.0,0.0,0.6931471805599453,Mutual + Dummy,unconscious,unconscious,False,Image,False,10,0,7,0
1836,01,lh-fusiform,0.5,0.0,0.0,0.6931471805599453,Mutual + Dummy,unconscious,unconscious,False,Image,False,10,0,6,0
1837,01,lh-fusiform,0.5,0.0,0.0,0.6931471805599453,Mutual + Dummy,unconscious,unconscious,False,Image,False,10,0,11,0
1838,01,lh-fusiform,0.5,0.0,0.0,0.6931471805599453,Mutual + Dummy,unconscious,unconscious,False,Image,False,10,0,5,0
1839,01,lh-fusiform,0.5,0.0,0.0,0.6931471805599453,Mutual + Dummy,unconscious,unconscious,False,Image,False,10,0,9,0
1840,01,lh-fusiform,0.5,0.0,0.0,0.6931471805599453,Mutual + Dummy,unconscious,unconscious,False,Image,False,10,0,6,0
1841,01,lh-fusiform,0.5,0.0,0.0,0.6931471805599453,Mutual + Dummy,unconscious,unconscious,False,Image,False,10,0,6,0
1842,01,lh-fusiform,0.5,0.0,0.0,0.6931471805599452,Mutual + Dummy,unconscious,unconscious,False,Image,False,10,0,15,0
1843,01,lh-fusiform,0.5,0.0,0.0,0.6931471805599453,Mutual + Dummy,unconscious,unconscious,False,Image,False,10,0,10,0
1844,01,lh-fusiform,0.5,0.0,0.0,0.6931471805599453,Mutual + Dummy,unconscious,unconscious,False,Image,False,10,0,4,0
1845,01,lh-fusiform,0.5,0.0,0.0,0.6931471805599453,Mutual + Dummy,unconscious,unconscious,False,Image,False,10,0,5,0
1846,01,lh-fusiform,0.5,0.0,0.0,0.6931471805599453,Mutual + Dummy,unconscious,unconscious,False,Image,False,10,0,6,0
1847,01,lh-fusiform,0.5,0.0,0.0,0.6931471805599453,Mutual + Dummy,unconscious,unconscious,False,Image,False,10,0,8,0
1848,01,lh-fusiform,0.5,0.0,0.0,0.6931471805599452,Mutual + Dummy,unconscious,unconscious,False,Image,False,10,0,15,0
1849,01,lh-fusiform,0.5,0.0,0.0,0.6931471805599453,Mutual + Dummy,unconscious,unconscious,False,Image,False,10,0,6,0
1850,01,lh-fusiform,0.5,0.0,0.0,0.6931471805599453,Mutual + Dummy,unconscious,unconscious,False,Image,False,10,0,10,0
1851,01,lh-fusiform,0.5,0.0,0.0,0.6931471805599453,Mutual + Dummy,unconscious,unconscious,False,Image,False,10,0,8,0
1852,01,lh-fusiform,0.5,0.0,0.0,0.6931471805599453,Mutual + Dummy,unconscious,unconscious,False,Image,False,10,0,6,0
1853,01,lh-fusiform,0.5,0.0,0.0,0.6931471805599453,Mutual + Dummy,unconscious,unconscious,False,Image,False,10,0,2,0
1854,01,lh-fusiform,0.5,0.0,0.0,0.6931471805599453,Mutual + Dummy,unconscious,unconscious,False,Image,False,10,0,8,0
1855,01,lh-fusiform,0.5,0.0,0.0,0.6931471805599453,Mutual + Dummy,unconscious,unconscious,False,Image,False,10,0,5,0
1856,01,lh-fusiform,0.5,0.0,0.0,0.6931471805599453,Mutual + Dummy,unconscious,unconscious,False,Image,False,10,0,11,0
1857,01,lh-fusiform,0.5,0.0,0.0,0.6931471805599453,Mutual + Dummy,unconscious,unconscious,False,Image,False,10,0,8,0
1858,01,lh-fusiform,0.5,0.0,0.0,0.6931471805599453,Mutual + Dummy,unconscious,unconscious,False,Image,False,10,0,5,0
1859,01,lh-fusiform,0.5,0.0,0.0,0.6931471805599453,Mutual + Dummy,unconscious,unconscious,False,Image,False,10,0,5,0
1860,01,lh-fusiform,0.5,0.0,0.0,0.6931471805599453,Mutual + Dummy,unconscious,unconscious,False,Image,False,10,0,10,0
1861,01,lh-fusiform,0.5,0.0,0.0,0.6931471805599453,Mutual + Dummy,unconscious,unconscious,False,Image,False,10,0,6,0
1862,01,lh-fusiform,0.5,0.0,0.0,0.6931471805599453,Mutual + Dummy,unconscious,unconscious,False,Image,False,10,0,8,0
1863,01,lh-fusiform,0.5,0.0,0.0,0.6931471805599453,Mutual + Dummy,unconscious,unconscious,False,Image,False,10,0,4,0
1864,01,lh-fusiform,0.5,0.0,0.0,0.6931471805599453,Mutual + Dummy,unconscious,unconscious,False,Image,False,10,0,9,0
1865,01,lh-fusiform,0.5,0.0,0.0,0.6931471805599453,Mutual + Dummy,unconscious,unconscious,False,Image,False,10,0,8,0
1866,01,lh-fusiform,0.5,0.0,0.0,0.6931471805599453,Mutual + Dummy,unconscious,unconscious,False,Image,False,10,0,4,0
1867,01,lh-fusiform,0.5,0.0,0.0,0.6931471805599453,Mutual + Dummy,unconscious,unconscious,False,Image,False,10,0,5,0
1868,01,lh-fusiform,0.5,0.0,0.0,0.6931471805599453,Mutual + Dummy,unconscious,unconscious,False,Image,False,10,0,7,0
1869,01,lh-fusiform,0.5,0.0,0.0,0.6931471805599453,Mutual + Dummy,unconscious,unconscious,False,Image,False,10,0,7,0
1870,01,lh-fusiform,0.5,0.0,0.0,0.6931471805599453,Mutual + Dummy,unconscious,unconscious,False,Image,False,10,0,11,0
1871,01,lh-fusiform,0.5,0.0,0.0,0.6931471805599453,Mutual + Dummy,unconscious,unconscious,False,Image,False,10,0,6,0
1872,01,lh-fusiform,0.5,0.0,0.0,0.6931471805599453,Mutual + Dummy,unconscious,unconscious,False,Image,False,10,0,5,0
1873,01,lh-fusiform,0.5,0.0,0.0,0.6931471805599453,Mutual + Dummy,unconscious,unconscious,False,Image,False,8,0,2,0
1874,01,lh-fusiform,0.5,0.0,0.0,0.6931471805599453,Mutual + Dummy,unconscious,unconscious,False,Image,False,8,0,8,0
1875,01,lh-fusiform,0.5,0.0,0.0,0.6931471805599453,Mutual + Dummy,unconscious,unconscious,False,Image,False,8,0,13,0
1876,01,lh-fusiform,0.5,0.0,0.0,0.6931471805599453,Mutual + Dummy,unconscious,unconscious,False,Image,False,8,0,9,0
1877,01,lh-fusiform,0.5,0.0,0.0,0.6931471805599453,Mutual + Dummy,unconscious,unconscious,False,Image,False,8,0,2,0
1878,01,lh-fusiform,0.5,0.0,0.0,0.6931471805599453,Mutual + Dummy,unconscious,unconscious,False,Image,False,8,0,5,0
1879,01,lh-fusiform,0.5,0.0,0.0,0.6931471805599453,Mutual + Dummy,unconscious,unconscious,False,Image,False,8,0,8,0
1880,01,lh-fusiform,0.5,0.0,0.0,0.6931471805599453,Mutual + Dummy,unconscious,unconscious,False,Image,False,8,0,5,0
1881,01,lh-fusiform,0.5,0.0,0.0,0.6931471805599453,Mutual + Dummy,unconscious,unconscious,False,Image,False,8,0,8,0
1882,01,lh-fusiform,0.5,0.0,0.0,0.6931471805599453,Mutual + Dummy,unconscious,unconscious,False,Image,False,8,0,9,0
1883,01,lh-fusiform,0.5,0.0,0.0,0.6931471805599453,Mutual + Dummy,unconscious,unconscious,False,Image,False,8,0,7,0
1884,01,lh-fusiform,0.5,0.0,0.0,0.6931471805599453,Mutual + Dummy,unconscious,unconscious,False,Image,False,8,0,6,0
1885,01,lh-fusiform,0.5,0.0,0.0,0.6931471805599453,Mutual + Dummy,unconscious,unconscious,False,Image,False,8,0,11,0
1886,01,lh-fusiform,0.5,0.0,0.0,0.6931471805599453,Mutual + Dummy,unconscious,unconscious,False,Image,False,8,0,5,0
1887,01,lh-fusiform,0.5,0.0,0.0,0.6931471805599453,Mutual + Dummy,unconscious,unconscious,False,Image,False,8,0,9,0
1888,01,lh-fusiform,0.5,0.0,0.0,0.6931471805599453,Mutual + Dummy,unconscious,unconscious,False,Image,False,8,0,6,0
1889,01,lh-fusiform,0.5,0.0,0.0,0.6931471805599453,Mutual + Dummy,unconscious,unconscious,False,Image,False,8,0,6,0
1890,01,lh-fusiform,0.5,0.0,0.0,0.6931471805599453,Mutual + Dummy,unconscious,unconscious,False,Image,False,8,0,15,0
1891,01,lh-fusiform,0.5,0.0,0.0,0.6931471805599453,Mutual + Dummy,unconscious,unconscious,False,Image,False,8,0,10,0
1892,01,lh-fusiform,0.5,0.0,0.0,0.6931471805599453,Mutual + Dummy,unconscious,unconscious,False,Image,False,8,0,4,0
1893,01,lh-fusiform,0.5,0.0,0.0,0.6931471805599453,Mutual + Dummy,unconscious,unconscious,False,Image,False,8,0,5,0
1894,01,lh-fusiform,0.5,0.0,0.0,0.6931471805599453,Mutual + Dummy,unconscious,unconscious,False,Image,False,8,0,6,0
1895,01,lh-fusiform,0.5,0.0,0.0,0.6931471805599453,Mutual + Dummy,unconscious,unconscious,False,Image,False,8,0,8,0
1896,01,lh-fusiform,0.5,0.0,0.0,0.6931471805599453,Mutual + Dummy,unconscious,unconscious,False,Image,False,8,0,15,0
1897,01,lh-fusiform,0.5,0.0,0.0,0.6931471805599453,Mutual + Dummy,unconscious,unconscious,False,Image,False,8,0,6,0
1898,01,lh-fusiform,0.5,0.0,0.0,0.6931471805599453,Mutual + Dummy,unconscious,unconscious,False,Image,False,8,0,10,0
1899,01,lh-fusiform,0.5,0.0,0.0,0.6931471805599453,Mutual + Dummy,unconscious,unconscious,False,Image,False,8,0,8,0
1900,01,lh-fusiform,0.5,0.0,0.0,0.6931471805599453,Mutual + Dummy,unconscious,unconscious,False,Image,False,8,0,6,0
1901,01,lh-fusiform,0.5,0.0,0.0,0.6931471805599453,Mutual + Dummy,unconscious,unconscious,False,Image,False,8,0,2,0
1902,01,lh-fusiform,0.5,0.0,0.0,0.6931471805599453,Mutual + Dummy,unconscious,unconscious,False,Image,False,8,0,8,0
1903,01,lh-fusiform,0.5,0.0,0.0,0.6931471805599453,Mutual + Dummy,unconscious,unconscious,False,Image,False,8,0,5,0
1904,01,lh-fusiform,0.5,0.0,0.0,0.6931471805599453,Mutual + Dummy,unconscious,unconscious,False,Image,False,8,0,11,0
1905,01,lh-fusiform,0.5,0.0,0.0,0.6931471805599453,Mutual + Dummy,unconscious,unconscious,False,Image,False,8,0,8,0
1906,01,lh-fusiform,0.5,0.0,0.0,0.6931471805599453,Mutual + Dummy,unconscious,unconscious,False,Image,False,8,0,5,0
1907,01,lh-fusiform,0.5,0.0,0.0,0.6931471805599453,Mutual + Dummy,unconscious,unconscious,False,Image,False,8,0,5,0
1908,01,lh-fusiform,0.5,0.0,0.0,0.6931471805599453,Mutual + Dummy,unconscious,unconscious,False,Image,False,8,0,10,0
1909,01,lh-fusiform,0.5,0.0,0.0,0.6931471805599453,Mutual + Dummy,unconscious,unconscious,False,Image,False,8,0,6,0
1910,01,lh-fusiform,0.5,0.0,0.0,0.6931471805599453,Mutual + Dummy,unconscious,unconscious,False,Image,False,8,0,8,0
1911,01,lh-fusiform,0.5,0.0,0.0,0.6931471805599453,Mutual + Dummy,unconscious,unconscious,False,Image,False,8,0,4,0
1912,01,lh-fusiform,0.5,0.0,0.0,0.6931471805599453,Mutual + Dummy,unconscious,unconscious,False,Image,False,8,0,9,0
1913,01,lh-fusiform,0.5,0.0,0.0,0.6931471805599453,Mutual + Dummy,unconscious,unconscious,False,Image,False,8,0,8,0
1914,01,lh-fusiform,0.5,0.0,0.0,0.6931471805599453,Mutual + Dummy,unconscious,unconscious,False,Image,False,8,0,4,0
1915,01,lh-fusiform,0.5,0.0,0.0,0.6931471805599453,Mutual + Dummy,unconscious,unconscious,False,Image,False,8,0,5,0
1916,01,lh-fusiform,0.5,0.0,0.0,0.6931471805599453,Mutual + Dummy,unconscious,unconscious,False,Image,False,8,0,7,0
1917,01,lh-fusiform,0.5,0.0,0.0,0.6931471805599453,Mutual + Dummy,unconscious,unconscious,False,Image,False,8,0,7,0
1918,01,lh-fusiform,0.5,0.0,0.0,0.6931471805599453,Mutual + Dummy,unconscious,unconscious,False,Image,False,8,0,11,0
1919,01,lh-fusiform,0.5,0.0,0.0,0.6931471805599453,Mutual + Dummy,unconscious,unconscious,False,Image,False,8,0,6,0
1920,01,lh-fusiform,0.5,0.0,0.0,0.6931471805599453,Mutual + Dummy,unconscious,unconscious,False,Image,False,8,0,5,0
1921,01,lh-fusiform,0.5,0.0,0.0,0.6931471805599453,Mutual + Dummy,unconscious,unconscious,False,Image,False,9,0,2,0
1922,01,lh-fusiform,0.5,0.0,0.0,0.6931471805599453,Mutual + Dummy,unconscious,unconscious,False,Image,False,9,0,8,0
1923,01,lh-fusiform,0.5,0.0,0.0,0.6931471805599453,Mutual + Dummy,unconscious,unconscious,False,Image,False,9,0,13,0
1924,01,lh-fusiform,0.5,0.0,0.0,0.6931471805599453,Mutual + Dummy,unconscious,unconscious,False,Image,False,9,0,9,0
1925,01,lh-fusiform,0.5,0.0,0.0,0.6931471805599453,Mutual + Dummy,unconscious,unconscious,False,Image,False,9,0,2,0
1926,01,lh-fusiform,0.5,0.0,0.0,0.6931471805599453,Mutual + Dummy,unconscious,unconscious,False,Image,False,9,0,5,0
1927,01,lh-fusiform,0.5,0.0,0.0,0.6931471805599453,Mutual + Dummy,unconscious,unconscious,False,Image,False,9,0,8,0
1928,01,lh-fusiform,0.5,0.0,0.0,0.6931471805599453,Mutual + Dummy,unconscious,unconscious,False,Image,False,9,0,5,0
1929,01,lh-fusiform,0.5,0.0,0.0,0.6931471805599453,Mutual + Dummy,unconscious,unconscious,False,Image,False,9,0,8,0
1930,01,lh-fusiform,0.5,0.0,0.0,0.6931471805599453,Mutual + Dummy,unconscious,unconscious,False,Image,False,9,0,9,0
1931,01,lh-fusiform,0.5,0.0,0.0,0.6931471805599453,Mutual + Dummy,unconscious,unconscious,False,Image,False,9,0,7,0
1932,01,lh-fusiform,0.5,0.0,0.0,0.6931471805599453,Mutual + Dummy,unconscious,unconscious,False,Image,False,9,0,6,0
1933,01,lh-fusiform,0.5,0.0,0.0,0.6931471805599453,Mutual + Dummy,unconscious,unconscious,False,Image,False,9,0,11,0
1934,01,lh-fusiform,0.5,0.0,0.0,0.6931471805599453,Mutual + Dummy,unconscious,unconscious,False,Image,False,9,0,5,0
1935,01,lh-fusiform,0.5,0.0,0.0,0.6931471805599453,Mutual + Dummy,unconscious,unconscious,False,Image,False,9,0,9,0
1936,01,lh-fusiform,0.5,0.0,0.0,0.6931471805599453,Mutual + Dummy,unconscious,unconscious,False,Image,False,9,0,6,0
1937,01,lh-fusiform,0.5,0.0,0.0,0.6931471805599453,Mutual + Dummy,unconscious,unconscious,False,Image,False,9,0,6,0
1938,01,lh-fusiform,0.5,0.0,0.0,0.6931471805599453,Mutual + Dummy,unconscious,unconscious,False,Image,False,9,0,15,0
1939,01,lh-fusiform,0.5,0.0,0.0,0.6931471805599453,Mutual + Dummy,unconscious,unconscious,False,Image,False,9,0,10,0
1940,01,lh-fusiform,0.5,0.0,0.0,0.6931471805599453,Mutual + Dummy,unconscious,unconscious,False,Image,False,9,0,4,0
1941,01,lh-fusiform,0.5,0.0,0.0,0.6931471805599453,Mutual + Dummy,unconscious,unconscious,False,Image,False,9,0,5,0
1942,01,lh-fusiform,0.5,0.0,0.0,0.6931471805599453,Mutual + Dummy,unconscious,unconscious,False,Image,False,9,0,6,0
1943,01,lh-fusiform,0.5,0.0,0.0,0.6931471805599453,Mutual + Dummy,unconscious,unconscious,False,Image,False,9,0,8,0
1944,01,lh-fusiform,0.5,0.0,0.0,0.6931471805599453,Mutual + Dummy,unconscious,unconscious,False,Image,False,9,0,15,0
1945,01,lh-fusiform,0.5,0.0,0.0,0.6931471805599453,Mutual + Dummy,unconscious,unconscious,False,Image,False,9,0,6,0
1946,01,lh-fusiform,0.5,0.0,0.0,0.6931471805599453,Mutual + Dummy,unconscious,unconscious,False,Image,False,9,0,10,0
1947,01,lh-fusiform,0.5,0.0,0.0,0.6931471805599453,Mutual + Dummy,unconscious,unconscious,False,Image,False,9,0,8,0
1948,01,lh-fusiform,0.5,0.0,0.0,0.6931471805599453,Mutual + Dummy,unconscious,unconscious,False,Image,False,9,0,6,0
1949,01,lh-fusiform,0.5,0.0,0.0,0.6931471805599453,Mutual + Dummy,unconscious,unconscious,False,Image,False,9,0,2,0
1950,01,lh-fusiform,0.5,0.0,0.0,0.6931471805599453,Mutual + Dummy,unconscious,unconscious,False,Image,False,9,0,8,0
1951,01,lh-fusiform,0.5,0.0,0.0,0.6931471805599453,Mutual + Dummy,unconscious,unconscious,False,Image,False,9,0,5,0
1952,01,lh-fusiform,0.5,0.0,0.0,0.6931471805599453,Mutual + Dummy,unconscious,unconscious,False,Image,False,9,0,11,0
1953,01,lh-fusiform,0.5,0.0,0.0,0.6931471805599453,Mutual + Dummy,unconscious,unconscious,False,Image,False,9,0,8,0
1954,01,lh-fusiform,0.5,0.0,0.0,0.6931471805599453,Mutual + Dummy,unconscious,unconscious,False,Image,False,9,0,5,0
1955,01,lh-fusiform,0.5,0.0,0.0,0.6931471805599453,Mutual + Dummy,unconscious,unconscious,False,Image,False,9,0,5,0
1956,01,lh-fusiform,0.5,0.0,0.0,0.6931471805599453,Mutual + Dummy,unconscious,unconscious,False,Image,False,9,0,10,0
1957,01,lh-fusiform,0.5,0.0,0.0,0.6931471805599453,Mutual + Dummy,unconscious,unconscious,False,Image,False,9,0,6,0
1958,01,lh-fusiform,0.5,0.0,0.0,0.6931471805599453,Mutual + Dummy,unconscious,unconscious,False,Image,False,9,0,8,0
1959,01,lh-fusiform,0.5,0.0,0.0,0.6931471805599453,Mutual + Dummy,unconscious,unconscious,False,Image,False,9,0,4,0
1960,01,lh-fusiform,0.5,0.0,0.0,0.6931471805599453,Mutual + Dummy,unconscious,unconscious,False,Image,False,9,0,9,0
1961,01,lh-fusiform,0.5,0.0,0.0,0.6931471805599453,Mutual + Dummy,unconscious,unconscious,False,Image,False,9,0,8,0
1962,01,lh-fusiform,0.5,0.0,0.0,0.6931471805599453,Mutual + Dummy,unconscious,unconscious,False,Image,False,9,0,4,0
1963,01,lh-fusiform,0.5,0.0,0.0,0.6931471805599453,Mutual + Dummy,unconscious,unconscious,False,Image,False,9,0,5,0
1964,01,lh-fusiform,0.5,0.0,0.0,0.6931471805599453,Mutual + Dummy,unconscious,unconscious,False,Image,False,9,0,7,0
1965,01,lh-fusiform,0.5,0.0,0.0,0.6931471805599453,Mutual + Dummy,unconscious,unconscious,False,Image,False,9,0,7,0
1966,01,lh-fusiform,0.5,0.0,0.0,0.6931471805599453,Mutual + Dummy,unconscious,unconscious,False,Image,False,9,0,11,0
1967,01,lh-fusiform,0.5,0.0,0.0,0.6931471805599453,Mutual + Dummy,unconscious,unconscious,False,Image,False,9,0,6,0
1968,01,lh-fusiform,0.5,0.0,0.0,0.6931471805599453,Mutual + Dummy,unconscious,unconscious,False,Image,False,9,0,5,0
1969,01,lh-fusiform,0.5,0.0,0.0,0.6931471805599453,Mutual + Dummy,unconscious,unconscious,False,Image,False,5,0,2,0
1970,01,lh-fusiform,0.5,0.0,0.0,0.6931471805599453,Mutual + Dummy,unconscious,unconscious,False,Image,False,5,0,8,0
1971,01,lh-fusiform,0.5,0.0,0.0,0.6931471805599453,Mutual + Dummy,unconscious,unconscious,False,Image,False,5,0,13,0
1972,01,lh-fusiform,0.5,0.0,0.0,0.6931471805599453,Mutual + Dummy,unconscious,unconscious,False,Image,False,5,0,9,0
1973,01,lh-fusiform,0.5,0.0,0.0,0.6931471805599453,Mutual + Dummy,unconscious,unconscious,False,Image,False,5,0,2,0
1974,01,lh-fusiform,0.5,0.0,0.0,0.6931471805599453,Mutual + Dummy,unconscious,unconscious,False,Image,False,5,0,5,0
1975,01,lh-fusiform,0.5,0.0,0.0,0.6931471805599453,Mutual + Dummy,unconscious,unconscious,False,Image,False,5,0,8,0
1976,01,lh-fusiform,0.5,0.0,0.0,0.6931471805599453,Mutual + Dummy,unconscious,unconscious,False,Image,False,5,0,5,0
1977,01,lh-fusiform,0.5,0.0,0.0,0.6931471805599453,Mutual + Dummy,unconscious,unconscious,False,Image,False,5,0,8,0
1978,01,lh-fusiform,0.5,0.0,0.0,0.6931471805599453,Mutual + Dummy,unconscious,unconscious,False,Image,False,5,0,9,0
1979,01,lh-fusiform,0.5,0.0,0.0,0.6931471805599453,Mutual + Dummy,unconscious,unconscious,False,Image,False,5,0,7,0
1980,01,lh-fusiform,0.5,0.0,0.0,0.6931471805599453,Mutual + Dummy,unconscious,unconscious,False,Image,False,5,0,6,0
1981,01,lh-fusiform,0.5,0.0,0.0,0.6931471805599453,Mutual + Dummy,unconscious,unconscious,False,Image,False,5,0,11,0
1982,01,lh-fusiform,0.5,0.0,0.0,0.6931471805599453,Mutual + Dummy,unconscious,unconscious,False,Image,False,5,0,5,0
1983,01,lh-fusiform,0.5,0.0,0.0,0.6931471805599453,Mutual + Dummy,unconscious,unconscious,False,Image,False,5,0,9,0
1984,01,lh-fusiform,0.5,0.0,0.0,0.6931471805599453,Mutual + Dummy,unconscious,unconscious,False,Image,False,5,0,6,0
1985,01,lh-fusiform,0.5,0.0,0.0,0.6931471805599453,Mutual + Dummy,unconscious,unconscious,False,Image,False,5,0,6,0
1986,01,lh-fusiform,0.5,0.0,0.0,0.6931471805599453,Mutual + Dummy,unconscious,unconscious,False,Image,False,5,0,15,0
1987,01,lh-fusiform,0.5,0.0,0.0,0.6931471805599453,Mutual + Dummy,unconscious,unconscious,False,Image,False,5,0,10,0
1988,01,lh-fusiform,0.5,0.0,0.0,0.6931471805599453,Mutual + Dummy,unconscious,unconscious,False,Image,False,5,0,4,0
1989,01,lh-fusiform,0.5,0.0,0.0,0.6931471805599453,Mutual + Dummy,unconscious,unconscious,False,Image,False,5,0,5,0
1990,01,lh-fusiform,0.5,0.0,0.0,0.6931471805599453,Mutual + Dummy,unconscious,unconscious,False,Image,False,5,0,6,0
1991,01,lh-fusiform,0.5,0.0,0.0,0.6931471805599453,Mutual + Dummy,unconscious,unconscious,False,Image,False,5,0,8,0
1992,01,lh-fusiform,0.5,0.0,0.0,0.6931471805599453,Mutual + Dummy,unconscious,unconscious,False,Image,False,5,0,15,0
1993,01,lh-fusiform,0.5,0.0,0.0,0.6931471805599453,Mutual + Dummy,unconscious,unconscious,False,Image,False,5,0,6,0
1994,01,lh-fusiform,0.5,0.0,0.0,0.6931471805599453,Mutual + Dummy,unconscious,unconscious,False,Image,False,5,0,10,0
1995,01,lh-fusiform,0.5,0.0,0.0,0.6931471805599453,Mutual + Dummy,unconscious,unconscious,False,Image,False,5,0,8,0
1996,01,lh-fusiform,0.5,0.0,0.0,0.6931471805599453,Mutual + Dummy,unconscious,unconscious,False,Image,False,5,0,6,0
1997,01,lh-fusiform,0.5,0.0,0.0,0.6931471805599453,Mutual + Dummy,unconscious,unconscious,False,Image,False,5,0,2,0
1998,01,lh-fusiform,0.5,0.0,0.0,0.6931471805599453,Mutual + Dummy,unconscious,unconscious,False,Image,False,5,0,8,0
1999,01,lh-fusiform,0.5,0.0,0.0,0.6931471805599453,Mutual + Dummy,unconscious,unconscious,False,Image,False,5,0,5,0
2000,01,lh-fusiform,0.5,0.0,0.0,0.6931471805599453,Mutual + Dummy,unconscious,unconscious,False,Image,False,5,0,11,0
2001,01,lh-fusiform,0.5,0.0,0.0,0.6931471805599453,Mutual + Dummy,unconscious,unconscious,False,Image,False,5,0,8,0
2002,01,lh-fusiform,0.5,0.0,0.0,0.6931471805599453,Mutual + Dummy,unconscious,unconscious,False,Image,False,5,0,5,0
2003,01,lh-fusiform,0.5,0.0,0.0,0.6931471805599453,Mutual + Dummy,unconscious,unconscious,False,Image,False,5,0,5,0
2004,01,lh-fusiform,0.5,0.0,0.0,0.6931471805599453,Mutual + Dummy,unconscious,unconscious,False,Image,False,5,0,10,0
2005,01,lh-fusiform,0.5,0.0,0.0,0.6931471805599453,Mutual + Dummy,unconscious,unconscious,False,Image,False,5,0,6,0
2006,01,lh-fusiform,0.5,0.0,0.0,0.6931471805599453,Mutual + Dummy,unconscious,unconscious,False,Image,False,5,0,8,0
2007,01,lh-fusiform,0.5,0.0,0.0,0.6931471805599453,Mutual + Dummy,unconscious,unconscious,False,Image,False,5,0,4,0
2008,01,lh-fusiform,0.5,0.0,0.0,0.6931471805599453,Mutual + Dummy,unconscious,unconscious,False,Image,False,5,0,9,0
2009,01,lh-fusiform,0.5,0.0,0.0,0.6931471805599453,Mutual + Dummy,unconscious,unconscious,False,Image,False,5,0,8,0
2010,01,lh-fusiform,0.5,0.0,0.0,0.6931471805599453,Mutual + Dummy,unconscious,unconscious,False,Image,False,5,0,4,0
2011,01,lh-fusiform,0.5,0.0,0.0,0.6931471805599453,Mutual + Dummy,unconscious,unconscious,False,Image,False,5,0,5,0
2012,01,lh-fusiform,0.5,0.0,0.0,0.6931471805599453,Mutual + Dummy,unconscious,unconscious,False,Image,False,5,0,7,0
2013,01,lh-fusiform,0.5,0.0,0.0,0.6931471805599453,Mutual + Dummy,unconscious,unconscious,False,Image,False,5,0,7,0
2014,01,lh-fusiform,0.5,0.0,0.0,0.6931471805599453,Mutual + Dummy,unconscious,unconscious,False,Image,False,5,0,11,0
2015,01,lh-fusiform,0.5,0.0,0.0,0.6931471805599453,Mutual + Dummy,unconscious,unconscious,False,Image,False,5,0,6,0
2016,01,lh-fusiform,0.5,0.0,0.0,0.6931471805599453,Mutual + Dummy,unconscious,unconscious,False,Image,False,5,0,5,0
2017,01,lh-fusiform,0.5,0.0,0.0,0.6931471805599453,Mutual + Dummy,unconscious,unconscious,False,Image,False,6,0,2,0
2018,01,lh-fusiform,0.5,0.0,0.0,0.6931471805599453,Mutual + Dummy,unconscious,unconscious,False,Image,False,6,0,8,0
2019,01,lh-fusiform,0.5,0.0,0.0,0.6931471805599453,Mutual + Dummy,unconscious,unconscious,False,Image,False,6,0,13,0
2020,01,lh-fusiform,0.5,0.0,0.0,0.6931471805599453,Mutual + Dummy,unconscious,unconscious,False,Image,False,6,0,9,0
2021,01,lh-fusiform,0.5,0.0,0.0,0.6931471805599453,Mutual + Dummy,unconscious,unconscious,False,Image,False,6,0,2,0
2022,01,lh-fusiform,0.5,0.0,0.0,0.6931471805599453,Mutual + Dummy,unconscious,unconscious,False,Image,False,6,0,5,0
2023,01,lh-fusiform,0.5,0.0,0.0,0.6931471805599453,Mutual + Dummy,unconscious,unconscious,False,Image,False,6,0,8,0
2024,01,lh-fusiform,0.5,0.0,0.0,0.6931471805599453,Mutual + Dummy,unconscious,unconscious,False,Image,False,6,0,5,0
2025,01,lh-fusiform,0.5,0.0,0.0,0.6931471805599453,Mutual + Dummy,unconscious,unconscious,False,Image,False,6,0,8,0
2026,01,lh-fusiform,0.5,0.0,0.0,0.6931471805599453,Mutual + Dummy,unconscious,unconscious,False,Image,False,6,0,9,0
2027,01,lh-fusiform,0.5,0.0,0.0,0.6931471805599453,Mutual + Dummy,unconscious,unconscious,False,Image,False,6,0,7,0
2028,01,lh-fusiform,0.5,0.0,0.0,0.6931471805599453,Mutual + Dummy,unconscious,unconscious,False,Image,False,6,0,6,0
2029,01,lh-fusiform,0.5,0.0,0.0,0.6931471805599453,Mutual + Dummy,unconscious,unconscious,False,Image,False,6,0,11,0
2030,01,lh-fusiform,0.5,0.0,0.0,0.6931471805599453,Mutual + Dummy,unconscious,unconscious,False,Image,False,6,0,5,0
2031,01,lh-fusiform,0.5,0.0,0.0,0.6931471805599453,Mutual + Dummy,unconscious,unconscious,False,Image,False,6,0,9,0
2032,01,lh-fusiform,0.5,0.0,0.0,0.6931471805599453,Mutual + Dummy,unconscious,unconscious,False,Image,False,6,0,6,0
2033,01,lh-fusiform,0.5,0.0,0.0,0.6931471805599453,Mutual + Dummy,unconscious,unconscious,False,Image,False,6,0,6,0
2034,01,lh-fusiform,0.5,0.0,0.0,0.6931471805599453,Mutual + Dummy,unconscious,unconscious,False,Image,False,6,0,15,0
2035,01,lh-fusiform,0.5,0.0,0.0,0.6931471805599453,Mutual + Dummy,unconscious,unconscious,False,Image,False,6,0,10,0
2036,01,lh-fusiform,0.5,0.0,0.0,0.6931471805599453,Mutual + Dummy,unconscious,unconscious,False,Image,False,6,0,4,0
2037,01,lh-fusiform,0.5,0.0,0.0,0.6931471805599453,Mutual + Dummy,unconscious,unconscious,False,Image,False,6,0,5,0
2038,01,lh-fusiform,0.5,0.0,0.0,0.6931471805599453,Mutual + Dummy,unconscious,unconscious,False,Image,False,6,0,6,0
2039,01,lh-fusiform,0.5,0.0,0.0,0.6931471805599453,Mutual + Dummy,unconscious,unconscious,False,Image,False,6,0,8,0
2040,01,lh-fusiform,0.5,0.0,0.0,0.6931471805599453,Mutual + Dummy,unconscious,unconscious,False,Image,False,6,0,15,0
2041,01,lh-fusiform,0.5,0.0,0.0,0.6931471805599453,Mutual + Dummy,unconscious,unconscious,False,Image,False,6,0,6,0
2042,01,lh-fusiform,0.5,0.0,0.0,0.6931471805599453,Mutual + Dummy,unconscious,unconscious,False,Image,False,6,0,10,0
2043,01,lh-fusiform,0.5,0.0,0.0,0.6931471805599453,Mutual + Dummy,unconscious,unconscious,False,Image,False,6,0,8,0
2044,01,lh-fusiform,0.5,0.0,0.0,0.6931471805599453,Mutual + Dummy,unconscious,unconscious,False,Image,False,6,0,6,0
2045,01,lh-fusiform,0.5,0.0,0.0,0.6931471805599453,Mutual + Dummy,unconscious,unconscious,False,Image,False,6,0,2,0
2046,01,lh-fusiform,0.5,0.0,0.0,0.6931471805599453,Mutual + Dummy,unconscious,unconscious,False,Image,False,6,0,8,0
2047,01,lh-fusiform,0.5,0.0,0.0,0.6931471805599453,Mutual + Dummy,unconscious,unconscious,False,Image,False,6,0,5,0
2048,01,lh-fusiform,0.5,0.0,0.0,0.6931471805599453,Mutual + Dummy,unconscious,unconscious,False,Image,False,6,0,11,0
2049,01,lh-fusiform,0.5,0.0,0.0,0.6931471805599453,Mutual + Dummy,unconscious,unconscious,False,Image,False,6,0,8,0
2050,01,lh-fusiform,0.5,0.0,0.0,0.6931471805599453,Mutual + Dummy,unconscious,unconscious,False,Image,False,6,0,5,0
2051,01,lh-fusiform,0.5,0.0,0.0,0.6931471805599453,Mutual + Dummy,unconscious,unconscious,False,Image,False,6,0,5,0
2052,01,lh-fusiform,0.5,0.0,0.0,0.6931471805599453,Mutual + Dummy,unconscious,unconscious,False,Image,False,6,0,10,0
2053,01,lh-fusiform,0.5,0.0,0.0,0.6931471805599453,Mutual + Dummy,unconscious,unconscious,False,Image,False,6,0,6,0
2054,01,lh-fusiform,0.5,0.0,0.0,0.6931471805599453,Mutual + Dummy,unconscious,unconscious,False,Image,False,6,0,8,0
2055,01,lh-fusiform,0.5,0.0,0.0,0.6931471805599453,Mutual + Dummy,unconscious,unconscious,False,Image,False,6,0,4,0
2056,01,lh-fusiform,0.5,0.0,0.0,0.6931471805599453,Mutual + Dummy,unconscious,unconscious,False,Image,False,6,0,9,0
2057,01,lh-fusiform,0.5,0.0,0.0,0.6931471805599453,Mutual + Dummy,unconscious,unconscious,False,Image,False,6,0,8,0
2058,01,lh-fusiform,0.5,0.0,0.0,0.6931471805599453,Mutual + Dummy,unconscious,unconscious,False,Image,False,6,0,4,0
2059,01,lh-fusiform,0.5,0.0,0.0,0.6931471805599453,Mutual + Dummy,unconscious,unconscious,False,Image,False,6,0,5,0
2060,01,lh-fusiform,0.5,0.0,0.0,0.6931471805599453,Mutual + Dummy,unconscious,unconscious,False,Image,False,6,0,7,0
2061,01,lh-fusiform,0.5,0.0,0.0,0.6931471805599453,Mutual + Dummy,unconscious,unconscious,False,Image,False,6,0,7,0
2062,01,lh-fusiform,0.5,0.0,0.0,0.6931471805599453,Mutual + Dummy,unconscious,unconscious,False,Image,False,6,0,11,0
2063,01,lh-fusiform,0.5,0.0,0.0,0.6931471805599453,Mutual + Dummy,unconscious,unconscious,False,Image,False,6,0,6,0
2064,01,lh-fusiform,0.5,0.0,0.0,0.6931471805599453,Mutual + Dummy,unconscious,unconscious,False,Image,False,6,0,5,0
2065,01,lh-fusiform,0.5,0.0,0.0,0.6931471805599453,Mutual + Dummy,unconscious,unconscious,False,Image,False,10,0,2,0
2066,01,lh-fusiform,0.5,0.0,0.0,0.6931471805599453,Mutual + Dummy,unconscious,unconscious,False,Image,False,10,0,8,0
2067,01,lh-fusiform,0.5,0.0,0.0,0.6931471805599453,Mutual + Dummy,unconscious,unconscious,False,Image,False,10,0,13,0
2068,01,lh-fusiform,0.5,0.0,0.0,0.6931471805599453,Mutual + Dummy,unconscious,unconscious,False,Image,False,10,0,9,0
2069,01,lh-fusiform,0.5,0.0,0.0,0.6931471805599453,Mutual + Dummy,unconscious,unconscious,False,Image,False,10,0,2,0
2070,01,lh-fusiform,0.5,0.0,0.0,0.6931471805599453,Mutual + Dummy,unconscious,unconscious,False,Image,False,10,0,5,0
2071,01,lh-fusiform,0.5,0.0,0.0,0.6931471805599453,Mutual + Dummy,unconscious,unconscious,False,Image,False,10,0,8,0
2072,01,lh-fusiform,0.5,0.0,0.0,0.6931471805599453,Mutual + Dummy,unconscious,unconscious,False,Image,False,10,0,5,0
2073,01,lh-fusiform,0.5,0.0,0.0,0.6931471805599453,Mutual + Dummy,unconscious,unconscious,False,Image,False,10,0,8,0
2074,01,lh-fusiform,0.5,0.0,0.0,0.6931471805599453,Mutual + Dummy,unconscious,unconscious,False,Image,False,10,0,9,0
2075,01,lh-fusiform,0.5,0.0,0.0,0.6931471805599453,Mutual + Dummy,unconscious,unconscious,False,Image,False,10,0,7,0
2076,01,lh-fusiform,0.5,0.0,0.0,0.6931471805599453,Mutual + Dummy,unconscious,unconscious,False,Image,False,10,0,6,0
2077,01,lh-fusiform,0.5,0.0,0.0,0.6931471805599453,Mutual + Dummy,unconscious,unconscious,False,Image,False,10,0,11,0
2078,01,lh-fusiform,0.5,0.0,0.0,0.6931471805599453,Mutual + Dummy,unconscious,unconscious,False,Image,False,10,0,5,0
2079,01,lh-fusiform,0.5,0.0,0.0,0.6931471805599453,Mutual + Dummy,unconscious,unconscious,False,Image,False,10,0,9,0
2080,01,lh-fusiform,0.5,0.0,0.0,0.6931471805599453,Mutual + Dummy,unconscious,unconscious,False,Image,False,10,0,6,0
2081,01,lh-fusiform,0.5,0.0,0.0,0.6931471805599453,Mutual + Dummy,unconscious,unconscious,False,Image,False,10,0,6,0
2082,01,lh-fusiform,0.5,0.0,0.0,0.6931471805599452,Mutual + Dummy,unconscious,unconscious,False,Image,False,10,0,15,0
2083,01,lh-fusiform,0.5,0.0,0.0,0.6931471805599453,Mutual + Dummy,unconscious,unconscious,False,Image,False,10,0,10,0
2084,01,lh-fusiform,0.5,0.0,0.0,0.6931471805599453,Mutual + Dummy,unconscious,unconscious,False,Image,False,10,0,4,0
2085,01,lh-fusiform,0.5,0.0,0.0,0.6931471805599453,Mutual + Dummy,unconscious,unconscious,False,Image,False,10,0,5,0
2086,01,lh-fusiform,0.5,0.0,0.0,0.6931471805599453,Mutual + Dummy,unconscious,unconscious,False,Image,False,10,0,6,0
2087,01,lh-fusiform,0.5,0.0,0.0,0.6931471805599453,Mutual + Dummy,unconscious,unconscious,False,Image,False,10,0,8,0
2088,01,lh-fusiform,0.5,0.0,0.0,0.6931471805599452,Mutual + Dummy,unconscious,unconscious,False,Image,False,10,0,15,0
2089,01,lh-fusiform,0.5,0.0,0.0,0.6931471805599453,Mutual + Dummy,unconscious,unconscious,False,Image,False,10,0,6,0
2090,01,lh-fusiform,0.5,0.0,0.0,0.6931471805599453,Mutual + Dummy,unconscious,unconscious,False,Image,False,10,0,10,0
2091,01,lh-fusiform,0.5,0.0,0.0,0.6931471805599453,Mutual + Dummy,unconscious,unconscious,False,Image,False,10,0,8,0
2092,01,lh-fusiform,0.5,0.0,0.0,0.6931471805599453,Mutual + Dummy,unconscious,unconscious,False,Image,False,10,0,6,0
2093,01,lh-fusiform,0.5,0.0,0.0,0.6931471805599453,Mutual + Dummy,unconscious,unconscious,False,Image,False,10,0,2,0
2094,01,lh-fusiform,0.5,0.0,0.0,0.6931471805599453,Mutual + Dummy,unconscious,unconscious,False,Image,False,10,0,8,0
2095,01,lh-fusiform,0.5,0.0,0.0,0.6931471805599453,Mutual + Dummy,unconscious,unconscious,False,Image,False,10,0,5,0
2096,01,lh-fusiform,0.5,0.0,0.0,0.6931471805599453,Mutual + Dummy,unconscious,unconscious,False,Image,False,10,0,11,0
2097,01,lh-fusiform,0.5,0.0,0.0,0.6931471805599453,Mutual + Dummy,unconscious,unconscious,False,Image,False,10,0,8,0
2098,01,lh-fusiform,0.5,0.0,0.0,0.6931471805599453,Mutual + Dummy,unconscious,unconscious,False,Image,False,10,0,5,0
2099,01,lh-fusiform,0.5,0.0,0.0,0.6931471805599453,Mutual + Dummy,unconscious,unconscious,False,Image,False,10,0,5,0
2100,01,lh-fusiform,0.5,0.0,0.0,0.6931471805599453,Mutual + Dummy,unconscious,unconscious,False,Image,False,10,0,10,0
2101,01,lh-fusiform,0.5,0.0,0.0,0.6931471805599453,Mutual + Dummy,unconscious,unconscious,False,Image,False,10,0,6,0
2102,01,lh-fusiform,0.5,0.0,0.0,0.6931471805599453,Mutual + Dummy,unconscious,unconscious,False,Image,False,10,0,8,0
2103,01,lh-fusiform,0.5,0.0,0.0,0.6931471805599453,Mutual + Dummy,unconscious,unconscious,False,Image,False,10,0,4,0
2104,01,lh-fusiform,0.5,0.0,0.0,0.6931471805599453,Mutual + Dummy,unconscious,unconscious,False,Image,False,10,0,9,0
2105,01,lh-fusiform,0.5,0.0,0.0,0.6931471805599453,Mutual + Dummy,unconscious,unconscious,False,Image,False,10,0,8,0
2106,01,lh-fusiform,0.5,0.0,0.0,0.6931471805599453,Mutual + Dummy,unconscious,unconscious,False,Image,False,10,0,4,0
2107,01,lh-fusiform,0.5,0.0,0.0,0.6931471805599453,Mutual + Dummy,unconscious,unconscious,False,Image,False,10,0,5,0
2108,01,lh-fusiform,0.5,0.0,0.0,0.6931471805599453,Mutual + Dummy,unconscious,unconscious,False,Image,False,10,0,7,0
2109,01,lh-fusiform,0.5,0.0,0.0,0.6931471805599453,Mutual + Dummy,unconscious,unconscious,False,Image,False,10,0,7,0
2110,01,lh-fusiform,0.5,0.0,0.0,0.6931471805599453,Mutual + Dummy,unconscious,unconscious,False,Image,False,10,0,11,0
2111,01,lh-fusiform,0.5,0.0,0.0,0.6931471805599453,Mutual + Dummy,unconscious,unconscious,False,Image,False,10,0,6,0
2112,01,lh-fusiform,0.5,0.0,0.0,0.6931471805599453,Mutual + Dummy,unconscious,unconscious,False,Image,False,10,0,5,0
2113,01,lh-fusiform,0.5,0.0,0.0,0.6931471805599453,Mutual + Dummy,unconscious,unconscious,False,Image,False,6,0,2,0
2114,01,lh-fusiform,0.5,0.0,0.0,0.6931471805599453,Mutual + Dummy,unconscious,unconscious,False,Image,False,6,0,8,0
2115,01,lh-fusiform,0.5,0.0,0.0,0.6931471805599453,Mutual + Dummy,unconscious,unconscious,False,Image,False,6,0,13,0
2116,01,lh-fusiform,0.5,0.0,0.0,0.6931471805599453,Mutual + Dummy,unconscious,unconscious,False,Image,False,6,0,9,0
2117,01,lh-fusiform,0.5,0.0,0.0,0.6931471805599453,Mutual + Dummy,unconscious,unconscious,False,Image,False,6,0,2,0
2118,01,lh-fusiform,0.5,0.0,0.0,0.6931471805599453,Mutual + Dummy,unconscious,unconscious,False,Image,False,6,0,5,0
2119,01,lh-fusiform,0.5,0.0,0.0,0.6931471805599453,Mutual + Dummy,unconscious,unconscious,False,Image,False,6,0,8,0
2120,01,lh-fusiform,0.5,0.0,0.0,0.6931471805599453,Mutual + Dummy,unconscious,unconscious,False,Image,False,6,0,5,0
2121,01,lh-fusiform,0.5,0.0,0.0,0.6931471805599453,Mutual + Dummy,unconscious,unconscious,False,Image,False,6,0,8,0
2122,01,lh-fusiform,0.5,0.0,0.0,0.6931471805599453,Mutual + Dummy,unconscious,unconscious,False,Image,False,6,0,9,0
2123,01,lh-fusiform,0.5,0.0,0.0,0.6931471805599453,Mutual + Dummy,unconscious,unconscious,False,Image,False,6,0,7,0
2124,01,lh-fusiform,0.5,0.0,0.0,0.6931471805599453,Mutual + Dummy,unconscious,unconscious,False,Image,False,6,0,6,0
2125,01,lh-fusiform,0.5,0.0,0.0,0.6931471805599453,Mutual + Dummy,unconscious,unconscious,False,Image,False,6,0,11,0
2126,01,lh-fusiform,0.5,0.0,0.0,0.6931471805599453,Mutual + Dummy,unconscious,unconscious,False,Image,False,6,0,5,0
2127,01,lh-fusiform,0.5,0.0,0.0,0.6931471805599453,Mutual + Dummy,unconscious,unconscious,False,Image,False,6,0,9,0
2128,01,lh-fusiform,0.5,0.0,0.0,0.6931471805599453,Mutual + Dummy,unconscious,unconscious,False,Image,False,6,0,6,0
2129,01,lh-fusiform,0.5,0.0,0.0,0.6931471805599453,Mutual + Dummy,unconscious,unconscious,False,Image,False,6,0,6,0
2130,01,lh-fusiform,0.5,0.0,0.0,0.6931471805599453,Mutual + Dummy,unconscious,unconscious,False,Image,False,6,0,15,0
2131,01,lh-fusiform,0.5,0.0,0.0,0.6931471805599453,Mutual + Dummy,unconscious,unconscious,False,Image,False,6,0,10,0
2132,01,lh-fusiform,0.5,0.0,0.0,0.6931471805599453,Mutual + Dummy,unconscious,unconscious,False,Image,False,6,0,4,0
2133,01,lh-fusiform,0.5,0.0,0.0,0.6931471805599453,Mutual + Dummy,unconscious,unconscious,False,Image,False,6,0,5,0
2134,01,lh-fusiform,0.5,0.0,0.0,0.6931471805599453,Mutual + Dummy,unconscious,unconscious,False,Image,False,6,0,6,0
2135,01,lh-fusiform,0.5,0.0,0.0,0.6931471805599453,Mutual + Dummy,unconscious,unconscious,False,Image,False,6,0,8,0
2136,01,lh-fusiform,0.5,0.0,0.0,0.6931471805599453,Mutual + Dummy,unconscious,unconscious,False,Image,False,6,0,15,0
2137,01,lh-fusiform,0.5,0.0,0.0,0.6931471805599453,Mutual + Dummy,unconscious,unconscious,False,Image,False,6,0,6,0
2138,01,lh-fusiform,0.5,0.0,0.0,0.6931471805599453,Mutual + Dummy,unconscious,unconscious,False,Image,False,6,0,10,0
2139,01,lh-fusiform,0.5,0.0,0.0,0.6931471805599453,Mutual + Dummy,unconscious,unconscious,False,Image,False,6,0,8,0
2140,01,lh-fusiform,0.5,0.0,0.0,0.6931471805599453,Mutual + Dummy,unconscious,unconscious,False,Image,False,6,0,6,0
2141,01,lh-fusiform,0.5,0.0,0.0,0.6931471805599453,Mutual + Dummy,unconscious,unconscious,False,Image,False,6,0,2,0
2142,01,lh-fusiform,0.5,0.0,0.0,0.6931471805599453,Mutual + Dummy,unconscious,unconscious,False,Image,False,6,0,8,0
2143,01,lh-fusiform,0.5,0.0,0.0,0.6931471805599453,Mutual + Dummy,unconscious,unconscious,False,Image,False,6,0,5,0
2144,01,lh-fusiform,0.5,0.0,0.0,0.6931471805599453,Mutual + Dummy,unconscious,unconscious,False,Image,False,6,0,11,0
2145,01,lh-fusiform,0.5,0.0,0.0,0.6931471805599453,Mutual + Dummy,unconscious,unconscious,False,Image,False,6,0,8,0
2146,01,lh-fusiform,0.5,0.0,0.0,0.6931471805599453,Mutual + Dummy,unconscious,unconscious,False,Image,False,6,0,5,0
2147,01,lh-fusiform,0.5,0.0,0.0,0.6931471805599453,Mutual + Dummy,unconscious,unconscious,False,Image,False,6,0,5,0
2148,01,lh-fusiform,0.5,0.0,0.0,0.6931471805599453,Mutual + Dummy,unconscious,unconscious,False,Image,False,6,0,10,0
2149,01,lh-fusiform,0.5,0.0,0.0,0.6931471805599453,Mutual + Dummy,unconscious,unconscious,False,Image,False,6,0,6,0
2150,01,lh-fusiform,0.5,0.0,0.0,0.6931471805599453,Mutual + Dummy,unconscious,unconscious,False,Image,False,6,0,8,0
2151,01,lh-fusiform,0.5,0.0,0.0,0.6931471805599453,Mutual + Dummy,unconscious,unconscious,False,Image,False,6,0,4,0
2152,01,lh-fusiform,0.5,0.0,0.0,0.6931471805599453,Mutual + Dummy,unconscious,unconscious,False,Image,False,6,0,9,0
2153,01,lh-fusiform,0.5,0.0,0.0,0.6931471805599453,Mutual + Dummy,unconscious,unconscious,False,Image,False,6,0,8,0
2154,01,lh-fusiform,0.5,0.0,0.0,0.6931471805599453,Mutual + Dummy,unconscious,unconscious,False,Image,False,6,0,4,0
2155,01,lh-fusiform,0.5,0.0,0.0,0.6931471805599453,Mutual + Dummy,unconscious,unconscious,False,Image,False,6,0,5,0
2156,01,lh-fusiform,0.5,0.0,0.0,0.6931471805599453,Mutual + Dummy,unconscious,unconscious,False,Image,False,6,0,7,0
2157,01,lh-fusiform,0.5,0.0,0.0,0.6931471805599453,Mutual + Dummy,unconscious,unconscious,False,Image,False,6,0,7,0
2158,01,lh-fusiform,0.5,0.0,0.0,0.6931471805599453,Mutual + Dummy,unconscious,unconscious,False,Image,False,6,0,11,0
2159,01,lh-fusiform,0.5,0.0,0.0,0.6931471805599453,Mutual + Dummy,unconscious,unconscious,False,Image,False,6,0,6,0
2160,01,lh-fusiform,0.5,0.0,0.0,0.6931471805599453,Mutual + Dummy,unconscious,unconscious,False,Image,False,6,0,5,0
2161,01,lh-fusiform,0.5,0.0,0.0,0.6931471805599453,Mutual + Dummy,unconscious,unconscious,False,Image,False,9,0,2,0
2162,01,lh-fusiform,0.5,0.0,0.0,0.6931471805599453,Mutual + Dummy,unconscious,unconscious,False,Image,False,9,0,8,0
2163,01,lh-fusiform,0.5,0.0,0.0,0.6931471805599453,Mutual + Dummy,unconscious,unconscious,False,Image,False,9,0,13,0
2164,01,lh-fusiform,0.5,0.0,0.0,0.6931471805599453,Mutual + Dummy,unconscious,unconscious,False,Image,False,9,0,9,0
2165,01,lh-fusiform,0.5,0.0,0.0,0.6931471805599453,Mutual + Dummy,unconscious,unconscious,False,Image,False,9,0,2,0
2166,01,lh-fusiform,0.5,0.0,0.0,0.6931471805599453,Mutual + Dummy,unconscious,unconscious,False,Image,False,9,0,5,0
2167,01,lh-fusiform,0.5,0.0,0.0,0.6931471805599453,Mutual + Dummy,unconscious,unconscious,False,Image,False,9,0,8,0
2168,01,lh-fusiform,0.5,0.0,0.0,0.6931471805599453,Mutual + Dummy,unconscious,unconscious,False,Image,False,9,0,5,0
2169,01,lh-fusiform,0.5,0.0,0.0,0.6931471805599453,Mutual + Dummy,unconscious,unconscious,False,Image,False,9,0,8,0
2170,01,lh-fusiform,0.5,0.0,0.0,0.6931471805599453,Mutual + Dummy,unconscious,unconscious,False,Image,False,9,0,9,0
2171,01,lh-fusiform,0.5,0.0,0.0,0.6931471805599453,Mutual + Dummy,unconscious,unconscious,False,Image,False,9,0,7,0
2172,01,lh-fusiform,0.5,0.0,0.0,0.6931471805599453,Mutual + Dummy,unconscious,unconscious,False,Image,False,9,0,6,0
2173,01,lh-fusiform,0.5,0.0,0.0,0.6931471805599453,Mutual + Dummy,unconscious,unconscious,False,Image,False,9,0,11,0
2174,01,lh-fusiform,0.5,0.0,0.0,0.6931471805599453,Mutual + Dummy,unconscious,unconscious,False,Image,False,9,0,5,0
2175,01,lh-fusiform,0.5,0.0,0.0,0.6931471805599453,Mutual + Dummy,unconscious,unconscious,False,Image,False,9,0,9,0
2176,01,lh-fusiform,0.5,0.0,0.0,0.6931471805599453,Mutual + Dummy,unconscious,unconscious,False,Image,False,9,0,6,0
2177,01,lh-fusiform,0.5,0.0,0.0,0.6931471805599453,Mutual + Dummy,unconscious,unconscious,False,Image,False,9,0,6,0
2178,01,lh-fusiform,0.5,0.0,0.0,0.6931471805599453,Mutual + Dummy,unconscious,unconscious,False,Image,False,9,0,15,0
2179,01,lh-fusiform,0.5,0.0,0.0,0.6931471805599453,Mutual + Dummy,unconscious,unconscious,False,Image,False,9,0,10,0
2180,01,lh-fusiform,0.5,0.0,0.0,0.6931471805599453,Mutual + Dummy,unconscious,unconscious,False,Image,False,9,0,4,0
2181,01,lh-fusiform,0.5,0.0,0.0,0.6931471805599453,Mutual + Dummy,unconscious,unconscious,False,Image,False,9,0,5,0
2182,01,lh-fusiform,0.5,0.0,0.0,0.6931471805599453,Mutual + Dummy,unconscious,unconscious,False,Image,False,9,0,6,0
2183,01,lh-fusiform,0.5,0.0,0.0,0.6931471805599453,Mutual + Dummy,unconscious,unconscious,False,Image,False,9,0,8,0
2184,01,lh-fusiform,0.5,0.0,0.0,0.6931471805599453,Mutual + Dummy,unconscious,unconscious,False,Image,False,9,0,15,0
2185,01,lh-fusiform,0.5,0.0,0.0,0.6931471805599453,Mutual + Dummy,unconscious,unconscious,False,Image,False,9,0,6,0
2186,01,lh-fusiform,0.5,0.0,0.0,0.6931471805599453,Mutual + Dummy,unconscious,unconscious,False,Image,False,9,0,10,0
2187,01,lh-fusiform,0.5,0.0,0.0,0.6931471805599453,Mutual + Dummy,unconscious,unconscious,False,Image,False,9,0,8,0
2188,01,lh-fusiform,0.5,0.0,0.0,0.6931471805599453,Mutual + Dummy,unconscious,unconscious,False,Image,False,9,0,6,0
2189,01,lh-fusiform,0.5,0.0,0.0,0.6931471805599453,Mutual + Dummy,unconscious,unconscious,False,Image,False,9,0,2,0
2190,01,lh-fusiform,0.5,0.0,0.0,0.6931471805599453,Mutual + Dummy,unconscious,unconscious,False,Image,False,9,0,8,0
2191,01,lh-fusiform,0.5,0.0,0.0,0.6931471805599453,Mutual + Dummy,unconscious,unconscious,False,Image,False,9,0,5,0
2192,01,lh-fusiform,0.5,0.0,0.0,0.6931471805599453,Mutual + Dummy,unconscious,unconscious,False,Image,False,9,0,11,0
2193,01,lh-fusiform,0.5,0.0,0.0,0.6931471805599453,Mutual + Dummy,unconscious,unconscious,False,Image,False,9,0,8,0
2194,01,lh-fusiform,0.5,0.0,0.0,0.6931471805599453,Mutual + Dummy,unconscious,unconscious,False,Image,False,9,0,5,0
2195,01,lh-fusiform,0.5,0.0,0.0,0.6931471805599453,Mutual + Dummy,unconscious,unconscious,False,Image,False,9,0,5,0
2196,01,lh-fusiform,0.5,0.0,0.0,0.6931471805599453,Mutual + Dummy,unconscious,unconscious,False,Image,False,9,0,10,0
2197,01,lh-fusiform,0.5,0.0,0.0,0.6931471805599453,Mutual + Dummy,unconscious,unconscious,False,Image,False,9,0,6,0
2198,01,lh-fusiform,0.5,0.0,0.0,0.6931471805599453,Mutual + Dummy,unconscious,unconscious,False,Image,False,9,0,8,0
2199,01,lh-fusiform,0.5,0.0,0.0,0.6931471805599453,Mutual + Dummy,unconscious,unconscious,False,Image,False,9,0,4,0
2200,01,lh-fusiform,0.5,0.0,0.0,0.6931471805599453,Mutual + Dummy,unconscious,unconscious,False,Image,False,9,0,9,0
2201,01,lh-fusiform,0.5,0.0,0.0,0.6931471805599453,Mutual + Dummy,unconscious,unconscious,False,Image,False,9,0,8,0
2202,01,lh-fusiform,0.5,0.0,0.0,0.6931471805599453,Mutual + Dummy,unconscious,unconscious,False,Image,False,9,0,4,0
2203,01,lh-fusiform,0.5,0.0,0.0,0.6931471805599453,Mutual + Dummy,unconscious,unconscious,False,Image,False,9,0,5,0
2204,01,lh-fusiform,0.5,0.0,0.0,0.6931471805599453,Mutual + Dummy,unconscious,unconscious,False,Image,False,9,0,7,0
2205,01,lh-fusiform,0.5,0.0,0.0,0.6931471805599453,Mutual + Dummy,unconscious,unconscious,False,Image,False,9,0,7,0
2206,01,lh-fusiform,0.5,0.0,0.0,0.6931471805599453,Mutual + Dummy,unconscious,unconscious,False,Image,False,9,0,11,0
2207,01,lh-fusiform,0.5,0.0,0.0,0.6931471805599453,Mutual + Dummy,unconscious,unconscious,False,Image,False,9,0,6,0
2208,01,lh-fusiform,0.5,0.0,0.0,0.6931471805599453,Mutual + Dummy,unconscious,unconscious,False,Image,False,9,0,5,0
2209,01,lh-fusiform,0.5,0.0,0.0,0.6931471805599453,Mutual + Dummy,unconscious,unconscious,False,Image,False,8,0,2,0
2210,01,lh-fusiform,0.5,0.0,0.0,0.6931471805599453,Mutual + Dummy,unconscious,unconscious,False,Image,False,8,0,8,0
2211,01,lh-fusiform,0.5,0.0,0.0,0.6931471805599453,Mutual + Dummy,unconscious,unconscious,False,Image,False,8,0,13,0
2212,01,lh-fusiform,0.5,0.0,0.0,0.6931471805599453,Mutual + Dummy,unconscious,unconscious,False,Image,False,8,0,9,0
2213,01,lh-fusiform,0.5,0.0,0.0,0.6931471805599453,Mutual + Dummy,unconscious,unconscious,False,Image,False,8,0,2,0
2214,01,lh-fusiform,0.5,0.0,0.0,0.6931471805599453,Mutual + Dummy,unconscious,unconscious,False,Image,False,8,0,5,0
2215,01,lh-fusiform,0.5,0.0,0.0,0.6931471805599453,Mutual + Dummy,unconscious,unconscious,False,Image,False,8,0,8,0
2216,01,lh-fusiform,0.5,0.0,0.0,0.6931471805599453,Mutual + Dummy,unconscious,unconscious,False,Image,False,8,0,5,0
2217,01,lh-fusiform,0.5,0.0,0.0,0.6931471805599453,Mutual + Dummy,unconscious,unconscious,False,Image,False,8,0,8,0
2218,01,lh-fusiform,0.5,0.0,0.0,0.6931471805599453,Mutual + Dummy,unconscious,unconscious,False,Image,False,8,0,9,0
2219,01,lh-fusiform,0.5,0.0,0.0,0.6931471805599453,Mutual + Dummy,unconscious,unconscious,False,Image,False,8,0,7,0
2220,01,lh-fusiform,0.5,0.0,0.0,0.6931471805599453,Mutual + Dummy,unconscious,unconscious,False,Image,False,8,0,6,0
2221,01,lh-fusiform,0.5,0.0,0.0,0.6931471805599453,Mutual + Dummy,unconscious,unconscious,False,Image,False,8,0,11,0
2222,01,lh-fusiform,0.5,0.0,0.0,0.6931471805599453,Mutual + Dummy,unconscious,unconscious,False,Image,False,8,0,5,0
2223,01,lh-fusiform,0.5,0.0,0.0,0.6931471805599453,Mutual + Dummy,unconscious,unconscious,False,Image,False,8,0,9,0
2224,01,lh-fusiform,0.5,0.0,0.0,0.6931471805599453,Mutual + Dummy,unconscious,unconscious,False,Image,False,8,0,6,0
2225,01,lh-fusiform,0.5,0.0,0.0,0.6931471805599453,Mutual + Dummy,unconscious,unconscious,False,Image,False,8,0,6,0
2226,01,lh-fusiform,0.5,0.0,0.0,0.6931471805599453,Mutual + Dummy,unconscious,unconscious,False,Image,False,8,0,15,0
2227,01,lh-fusiform,0.5,0.0,0.0,0.6931471805599453,Mutual + Dummy,unconscious,unconscious,False,Image,False,8,0,10,0
2228,01,lh-fusiform,0.5,0.0,0.0,0.6931471805599453,Mutual + Dummy,unconscious,unconscious,False,Image,False,8,0,4,0
2229,01,lh-fusiform,0.5,0.0,0.0,0.6931471805599453,Mutual + Dummy,unconscious,unconscious,False,Image,False,8,0,5,0
2230,01,lh-fusiform,0.5,0.0,0.0,0.6931471805599453,Mutual + Dummy,unconscious,unconscious,False,Image,False,8,0,6,0
2231,01,lh-fusiform,0.5,0.0,0.0,0.6931471805599453,Mutual + Dummy,unconscious,unconscious,False,Image,False,8,0,8,0
2232,01,lh-fusiform,0.5,0.0,0.0,0.6931471805599453,Mutual + Dummy,unconscious,unconscious,False,Image,False,8,0,15,0
2233,01,lh-fusiform,0.5,0.0,0.0,0.6931471805599453,Mutual + Dummy,unconscious,unconscious,False,Image,False,8,0,6,0
2234,01,lh-fusiform,0.5,0.0,0.0,0.6931471805599453,Mutual + Dummy,unconscious,unconscious,False,Image,False,8,0,10,0
2235,01,lh-fusiform,0.5,0.0,0.0,0.6931471805599453,Mutual + Dummy,unconscious,unconscious,False,Image,False,8,0,8,0
2236,01,lh-fusiform,0.5,0.0,0.0,0.6931471805599453,Mutual + Dummy,unconscious,unconscious,False,Image,False,8,0,6,0
2237,01,lh-fusiform,0.5,0.0,0.0,0.6931471805599453,Mutual + Dummy,unconscious,unconscious,False,Image,False,8,0,2,0
2238,01,lh-fusiform,0.5,0.0,0.0,0.6931471805599453,Mutual + Dummy,unconscious,unconscious,False,Image,False,8,0,8,0
2239,01,lh-fusiform,0.5,0.0,0.0,0.6931471805599453,Mutual + Dummy,unconscious,unconscious,False,Image,False,8,0,5,0
2240,01,lh-fusiform,0.5,0.0,0.0,0.6931471805599453,Mutual + Dummy,unconscious,unconscious,False,Image,False,8,0,11,0
2241,01,lh-fusiform,0.5,0.0,0.0,0.6931471805599453,Mutual + Dummy,unconscious,unconscious,False,Image,False,8,0,8,0
2242,01,lh-fusiform,0.5,0.0,0.0,0.6931471805599453,Mutual + Dummy,unconscious,unconscious,False,Image,False,8,0,5,0
2243,01,lh-fusiform,0.5,0.0,0.0,0.6931471805599453,Mutual + Dummy,unconscious,unconscious,False,Image,False,8,0,5,0
2244,01,lh-fusiform,0.5,0.0,0.0,0.6931471805599453,Mutual + Dummy,unconscious,unconscious,False,Image,False,8,0,10,0
2245,01,lh-fusiform,0.5,0.0,0.0,0.6931471805599453,Mutual + Dummy,unconscious,unconscious,False,Image,False,8,0,6,0
2246,01,lh-fusiform,0.5,0.0,0.0,0.6931471805599453,Mutual + Dummy,unconscious,unconscious,False,Image,False,8,0,8,0
2247,01,lh-fusiform,0.5,0.0,0.0,0.6931471805599453,Mutual + Dummy,unconscious,unconscious,False,Image,False,8,0,4,0
2248,01,lh-fusiform,0.5,0.0,0.0,0.6931471805599453,Mutual + Dummy,unconscious,unconscious,False,Image,False,8,0,9,0
2249,01,lh-fusiform,0.5,0.0,0.0,0.6931471805599453,Mutual + Dummy,unconscious,unconscious,False,Image,False,8,0,8,0
2250,01,lh-fusiform,0.5,0.0,0.0,0.6931471805599453,Mutual + Dummy,unconscious,unconscious,False,Image,False,8,0,4,0
2251,01,lh-fusiform,0.5,0.0,0.0,0.6931471805599453,Mutual + Dummy,unconscious,unconscious,False,Image,False,8,0,5,0
2252,01,lh-fusiform,0.5,0.0,0.0,0.6931471805599453,Mutual + Dummy,unconscious,unconscious,False,Image,False,8,0,7,0
2253,01,lh-fusiform,0.5,0.0,0.0,0.6931471805599453,Mutual + Dummy,unconscious,unconscious,False,Image,False,8,0,7,0
2254,01,lh-fusiform,0.5,0.0,0.0,0.6931471805599453,Mutual + Dummy,unconscious,unconscious,False,Image,False,8,0,11,0
2255,01,lh-fusiform,0.5,0.0,0.0,0.6931471805599453,Mutual + Dummy,unconscious,unconscious,False,Image,False,8,0,6,0
2256,01,lh-fusiform,0.5,0.0,0.0,0.6931471805599453,Mutual + Dummy,unconscious,unconscious,False,Image,False,8,0,5,0
2257,01,lh-fusiform,0.5,0.0,0.0,0.6931471805599453,Mutual + Dummy,unconscious,unconscious,False,Image,False,8,0,2,0
2258,01,lh-fusiform,0.5,0.0,0.0,0.6931471805599453,Mutual + Dummy,unconscious,unconscious,False,Image,False,8,0,8,0
2259,01,lh-fusiform,0.5,0.0,0.0,0.6931471805599453,Mutual + Dummy,unconscious,unconscious,False,Image,False,8,0,13,0
2260,01,lh-fusiform,0.5,0.0,0.0,0.6931471805599453,Mutual + Dummy,unconscious,unconscious,False,Image,False,8,0,9,0
2261,01,lh-fusiform,0.5,0.0,0.0,0.6931471805599453,Mutual + Dummy,unconscious,unconscious,False,Image,False,8,0,2,0
2262,01,lh-fusiform,0.5,0.0,0.0,0.6931471805599453,Mutual + Dummy,unconscious,unconscious,False,Image,False,8,0,5,0
2263,01,lh-fusiform,0.5,0.0,0.0,0.6931471805599453,Mutual + Dummy,unconscious,unconscious,False,Image,False,8,0,8,0
2264,01,lh-fusiform,0.5,0.0,0.0,0.6931471805599453,Mutual + Dummy,unconscious,unconscious,False,Image,False,8,0,5,0
2265,01,lh-fusiform,0.5,0.0,0.0,0.6931471805599453,Mutual + Dummy,unconscious,unconscious,False,Image,False,8,0,8,0
2266,01,lh-fusiform,0.5,0.0,0.0,0.6931471805599453,Mutual + Dummy,unconscious,unconscious,False,Image,False,8,0,9,0
2267,01,lh-fusiform,0.5,0.0,0.0,0.6931471805599453,Mutual + Dummy,unconscious,unconscious,False,Image,False,8,0,7,0
2268,01,lh-fusiform,0.5,0.0,0.0,0.6931471805599453,Mutual + Dummy,unconscious,unconscious,False,Image,False,8,0,6,0
2269,01,lh-fusiform,0.5,0.0,0.0,0.6931471805599453,Mutual + Dummy,unconscious,unconscious,False,Image,False,8,0,11,0
2270,01,lh-fusiform,0.5,0.0,0.0,0.6931471805599453,Mutual + Dummy,unconscious,unconscious,False,Image,False,8,0,5,0
2271,01,lh-fusiform,0.5,0.0,0.0,0.6931471805599453,Mutual + Dummy,unconscious,unconscious,False,Image,False,8,0,9,0
2272,01,lh-fusiform,0.5,0.0,0.0,0.6931471805599453,Mutual + Dummy,unconscious,unconscious,False,Image,False,8,0,6,0
2273,01,lh-fusiform,0.5,0.0,0.0,0.6931471805599453,Mutual + Dummy,unconscious,unconscious,False,Image,False,8,0,6,0
2274,01,lh-fusiform,0.5,0.0,0.0,0.6931471805599453,Mutual + Dummy,unconscious,unconscious,False,Image,False,8,0,15,0
2275,01,lh-fusiform,0.5,0.0,0.0,0.6931471805599453,Mutual + Dummy,unconscious,unconscious,False,Image,False,8,0,10,0
2276,01,lh-fusiform,0.5,0.0,0.0,0.6931471805599453,Mutual + Dummy,unconscious,unconscious,False,Image,False,8,0,4,0
2277,01,lh-fusiform,0.5,0.0,0.0,0.6931471805599453,Mutual + Dummy,unconscious,unconscious,False,Image,False,8,0,5,0
2278,01,lh-fusiform,0.5,0.0,0.0,0.6931471805599453,Mutual + Dummy,unconscious,unconscious,False,Image,False,8,0,6,0
2279,01,lh-fusiform,0.5,0.0,0.0,0.6931471805599453,Mutual + Dummy,unconscious,unconscious,False,Image,False,8,0,8,0
2280,01,lh-fusiform,0.5,0.0,0.0,0.6931471805599453,Mutual + Dummy,unconscious,unconscious,False,Image,False,8,0,15,0
2281,01,lh-fusiform,0.5,0.0,0.0,0.6931471805599453,Mutual + Dummy,unconscious,unconscious,False,Image,False,8,0,6,0
2282,01,lh-fusiform,0.5,0.0,0.0,0.6931471805599453,Mutual + Dummy,unconscious,unconscious,False,Image,False,8,0,10,0
2283,01,lh-fusiform,0.5,0.0,0.0,0.6931471805599453,Mutual + Dummy,unconscious,unconscious,False,Image,False,8,0,8,0
2284,01,lh-fusiform,0.5,0.0,0.0,0.6931471805599453,Mutual + Dummy,unconscious,unconscious,False,Image,False,8,0,6,0
2285,01,lh-fusiform,0.5,0.0,0.0,0.6931471805599453,Mutual + Dummy,unconscious,unconscious,False,Image,False,8,0,2,0
2286,01,lh-fusiform,0.5,0.0,0.0,0.6931471805599453,Mutual + Dummy,unconscious,unconscious,False,Image,False,8,0,8,0
2287,01,lh-fusiform,0.5,0.0,0.0,0.6931471805599453,Mutual + Dummy,unconscious,unconscious,False,Image,False,8,0,5,0
2288,01,lh-fusiform,0.5,0.0,0.0,0.6931471805599453,Mutual + Dummy,unconscious,unconscious,False,Image,False,8,0,11,0
2289,01,lh-fusiform,0.5,0.0,0.0,0.6931471805599453,Mutual + Dummy,unconscious,unconscious,False,Image,False,8,0,8,0
2290,01,lh-fusiform,0.5,0.0,0.0,0.6931471805599453,Mutual + Dummy,unconscious,unconscious,False,Image,False,8,0,5,0
2291,01,lh-fusiform,0.5,0.0,0.0,0.6931471805599453,Mutual + Dummy,unconscious,unconscious,False,Image,False,8,0,5,0
2292,01,lh-fusiform,0.5,0.0,0.0,0.6931471805599453,Mutual + Dummy,unconscious,unconscious,False,Image,False,8,0,10,0
2293,01,lh-fusiform,0.5,0.0,0.0,0.6931471805599453,Mutual + Dummy,unconscious,unconscious,False,Image,False,8,0,6,0
2294,01,lh-fusiform,0.5,0.0,0.0,0.6931471805599453,Mutual + Dummy,unconscious,unconscious,False,Image,False,8,0,8,0
2295,01,lh-fusiform,0.5,0.0,0.0,0.6931471805599453,Mutual + Dummy,unconscious,unconscious,False,Image,False,8,0,4,0
2296,01,lh-fusiform,0.5,0.0,0.0,0.6931471805599453,Mutual + Dummy,unconscious,unconscious,False,Image,False,8,0,9,0
2297,01,lh-fusiform,0.5,0.0,0.0,0.6931471805599453,Mutual + Dummy,unconscious,unconscious,False,Image,False,8,0,8,0
2298,01,lh-fusiform,0.5,0.0,0.0,0.6931471805599453,Mutual + Dummy,unconscious,unconscious,False,Image,False,8,0,4,0
2299,01,lh-fusiform,0.5,0.0,0.0,0.6931471805599453,Mutual + Dummy,unconscious,unconscious,False,Image,False,8,0,5,0
2300,01,lh-fusiform,0.5,0.0,0.0,0.6931471805599453,Mutual + Dummy,unconscious,unconscious,False,Image,False,8,0,7,0
2301,01,lh-fusiform,0.5,0.0,0.0,0.6931471805599453,Mutual + Dummy,unconscious,unconscious,False,Image,False,8,0,7,0
2302,01,lh-fusiform,0.5,0.0,0.0,0.6931471805599453,Mutual + Dummy,unconscious,unconscious,False,Image,False,8,0,11,0
2303,01,lh-fusiform,0.5,0.0,0.0,0.6931471805599453,Mutual + Dummy,unconscious,unconscious,False,Image,False,8,0,6,0
2304,01,lh-fusiform,0.5,0.0,0.0,0.6931471805599453,Mutual + Dummy,unconscious,unconscious,False,Image,False,8,0,5,0
